cat_internal,ISTACK,LATITUDE,LONGITUDE,STKDM,STKHT,STKTK,STKVE,STKFLW,STKCNT,ROW,COL,XLOCA,YLOCA,IFIP,LMAJOR,LPING,NOX,CO,SO2,PM,PM10,PM2_5,NO2,BAP,NMVOC
8050220,06_V2_001,14.25559907075105,50.11098221836775,1,6,563.15,0,0.0,1,0,1,-196089.7135912541,433568.36913054885,06_V2_001,1,0,1.26239177384615,0.028298046153846,0.049304948461539,0.004753438461538,0.004753438461538,0.004639359230769,0.479708873846154,2.53846154e-07,0.004213185384615
8050220,06_V2_002,14.256925826715813,50.111373902843035,1,13,563.15,0,0.0,1,0,1,-195993.444496846,433608.71238155913,06_V2_002,1,0,1.26239177384615,0.028298046153846,0.049304948461539,0.004753438461538,0.004753438461538,0.004639359230769,0.479708873846154,2.53846154e-07,0.004213185384615
8050220,06_V2_003,14.258238755602708,50.11176432719704,1,20,563.15,0,0.0,1,0,1,-195898.16920664776,433648.9510951769,06_V2_003,1,0,1.26239177384615,0.028298046153846,0.049304948461539,0.004753438461538,0.004753438461538,0.004639359230769,0.479708873846154,2.53846154e-07,0.004213185384615
8050220,06_V2_004,14.259563618876546,50.112164887077455,1,27,563.15,0,0.0,1,0,1,-195802.0039253532,433690.29077696026,06_V2_004,1,0,1.26239177384615,0.028298046153846,0.049304948461539,0.004753438461538,0.004753438461538,0.004639359230769,0.479708873846154,2.53846154e-07,0.004213185384615
8050220,06_V2_005,14.260890439696679,50.11255652619564,1,34,563.15,0,0.0,1,0,1,-195705.7345907496,433730.6337671861,06_V2_005,1,0,1.26239177384615,0.028298046153846,0.049304948461539,0.004753438461538,0.004753438461538,0.004639359230769,0.479708873846154,2.53846154e-07,0.004213185384615
8050220,06_V2_006,14.262203432994996,50.11294690566385,1,41,563.15,0,0.0,1,0,1,-195610.4590619738,433770.87222305196,06_V2_006,1,0,1.26239177384615,0.028298046153846,0.049304948461539,0.004753438461538,0.004753438461538,0.004639359230769,0.479708873846154,2.53846154e-07,0.004213185384615
8050220,06_V2_007,14.263530296847309,50.113338514580576,1,48,563.15,0,0.0,1,0,1,-195514.18956809616,433811.21503941464,06_V2_007,1,0,1.26239177384615,0.028298046153846,0.049304948461539,0.004753438461538,0.004753438461538,0.004639359230769,0.479708873846154,2.53846154e-07,0.004213185384615
8050220,06_V2_008,14.264857182288422,50.113730108316844,1,54,563.15,0,0.0,1,0,1,-195417.91999434071,433851.5577683235,06_V2_008,1,0,1.26239177384615,0.028298046153846,0.049304948461539,0.004753438461538,0.004753438461538,0.004639359230769,0.479708873846154,2.53846154e-07,0.004213185384615
8050220,06_V2_009,14.266168305184882,50.1141293485845,1,61,563.15,0,0.0,1,0,1,-195322.74819589916,433892.79257301067,06_V2_009,1,0,1.26239177384615,0.028298046153846,0.049304948461539,0.004753438461538,0.004753438461538,0.004639359230769,0.479708873846154,2.53846154e-07,0.004213185384615
8050220,06_V2_010,14.26749523388534,50.11452091213804,1,68,563.15,0,0.0,1,0,1,-195226.47846202916,433933.13512852247,06_V2_010,1,0,1.26239177384615,0.028298046153846,0.049304948461539,0.004753438461538,0.004753438461538,0.004639359230769,0.479708873846154,2.53846154e-07,0.004213185384615
8050220,06_V2_011,14.268822184173132,50.11491246050986,1,75,563.15,0,0.0,1,0,1,-195130.2086483224,433973.4775965634,06_V2_011,1,0,1.26239177384615,0.028298046153846,0.049304948461539,0.004753438461538,0.004753438461538,0.004639359230769,0.479708873846154,2.53846154e-07,0.004213185384615
8050220,06_V2_012,14.270149156047772,50.11530399369967,1,82,563.15,0,0.0,1,0,1,-195033.93875479192,434013.81997714203,06_V2_012,1,0,1.26239177384615,0.028298046153846,0.049304948461539,0.004753438461538,0.004753438461538,0.004639359230769,0.479708873846154,2.53846154e-07,0.004213185384615
8050220,06_V2_013,14.271460365703781,50.11570317413457,1,89,563.15,0,0.0,1,0,1,-194938.7666350492,434055.05443954567,06_V2_013,1,0,1.26239177384615,0.028298046153846,0.049304948461539,0.004753438461538,0.004753438461538,0.004639359230769,0.479708873846154,2.53846154e-07,0.004213185384615
8050220,06_V3_001,14.272761613695407,50.11608328490105,1,99,563.15,0,0.0,1,0,1,-194844.38039804355,434094.1911595736,06_V3_001,1,0,0.539360610952381,0.022557351111111,0.026868472380952,0.002354641269841,0.002354641269841,0.002298133015873,0.204957032222222,1.13333333e-07,0.002486448095238
8050220,06_V3_002,14.274035181381477,50.11646089495075,1,112,563.15,0,0.0,1,0,1,-194751.9818659572,434133.11891963036,06_V3_002,1,0,0.539360610952381,0.022557351111111,0.026868472380952,0.002354641269841,0.002354641269841,0.002298133015873,0.204957032222222,1.13333333e-07,0.002486448095238
8050220,06_V3_003,14.27529491848035,50.116837248105526,1,125,563.15,0,0.0,1,0,1,-194660.57715091077,434171.9421624239,06_V3_003,1,0,0.539360610952381,0.022557351111111,0.026868472380952,0.002354641269841,0.002354641269841,0.002298133015873,0.204957032222222,1.13333333e-07,0.002486448095238
8050220,06_V3_004,14.276568525986571,50.1172148303363,1,138,563.15,0,0.0,1,0,1,-194568.1784715988,434210.8697625764,06_V3_004,1,0,0.539360610952381,0.022557351111111,0.026868472380952,0.002354641269841,0.002354641269841,0.002298133015873,0.204957032222222,1.13333333e-07,0.002486448095238
8050220,06_V3_005,14.277842153472914,50.117592398581266,1,151,563.15,0,0.0,1,0,1,-194475.7797184426,434249.79728228785,06_V3_005,1,0,0.539360610952381,0.022557351111111,0.026868472380952,0.002354641269841,0.002354641269841,0.002298133015873,0.204957032222222,1.13333333e-07,0.002486448095238
8050220,06_V3_006,14.279101949947261,50.11796871038408,1,164,563.15,0,0.0,1,0,1,-194384.37478386264,434288.62028766464,06_V3_006,1,0,0.539360610952381,0.022557351111111,0.026868472380952,0.002354641269841,0.002354641269841,0.002298133015873,0.204957032222222,1.13333333e-07,0.002486448095238
8050220,06_V3_007,14.280375617251217,50.118346250808074,1,177,563.15,0,0.0,1,0,1,-194291.97588355117,434327.54764745774,06_V3_007,1,0,0.539360610952381,0.022557351111111,0.026868472380952,0.002354641269841,0.002354641269841,0.002298133015873,0.204957032222222,1.13333333e-07,0.002486448095238
8050220,06_V3_008,14.281647372635328,50.118732683201834,1,190,563.15,0,0.0,1,0,1,-194199.68086656288,434367.4715396898,06_V3_008,1,0,0.539360610952381,0.022557351111111,0.026868472380952,0.002354641269841,0.002354641269841,0.002298133015873,0.204957032222222,1.13333333e-07,0.002486448095238
8050220,06_V3_009,14.282921080117399,50.11911019567187,1,203,563.15,0,0.0,1,0,1,-194107.28181776006,434406.39873904403,06_V3_009,1,0,0.539360610952381,0.022557351111111,0.026868472380952,0.002354641269841,0.002354641269841,0.002298133015873,0.204957032222222,1.13333333e-07,0.002486448095238
8050220,06_V3_010,14.284180956018357,50.11948645230375,1,216,563.15,0,0.0,1,0,1,-194015.87658959551,434445.22142795834,06_V3_010,1,0,0.539360610952381,0.022557351111111,0.026868472380952,0.002354641269841,0.002354641269841,0.002298133015873,0.204957032222222,1.13333333e-07,0.002486448095238
8050220,06_V3_011,14.285454703314649,50.11986393694994,1,229,563.15,0,0.0,1,0,1,-193923.47739373284,434484.14846736524,06_V3_011,1,0,0.539360610952381,0.022557351111111,0.026868472380952,0.002354641269841,0.002354641269841,0.002298133015873,0.204957032222222,1.13333333e-07,0.002486448095238
8050220,06_V3_012,14.286728470588073,50.1202414076077,1,242,563.15,0,0.0,1,0,1,-193831.07812411024,434523.07542629493,06_V3_012,1,0,0.539360610952381,0.022557351111111,0.026868472380952,0.002354641269841,0.002354641269841,0.002298133015873,0.204957032222222,1.13333333e-07,0.002486448095238
8050220,06_V3_013,14.287988405855668,50.12061762288015,1,255,563.15,0,0.0,1,0,1,-193739.67267666364,434561.8978777161,06_V3_013,1,0,0.539360610952381,0.022557351111111,0.026868472380952,0.002354641269841,0.002354641269841,0.002298133015873,0.204957032222222,1.13333333e-07,0.002486448095238
8050220,06_V3_014,14.28926221294077,50.12099506571187,1,268,563.15,0,0.0,1,0,1,-193647.2732600525,434600.82467667165,06_V3_014,1,0,0.539360610952381,0.022557351111111,0.026868472380952,0.002354641269841,0.002354641269841,0.002298133015873,0.204957032222222,1.13333333e-07,0.002486448095238
8050220,06_V3_015,14.290536040001744,50.12137249455416,1,281,563.15,0,0.0,1,0,1,-193554.8737697149,434639.75139515067,06_V3_015,1,0,0.539360610952381,0.022557351111111,0.026868472380952,0.002354641269841,0.002354641269841,0.002298133015873,0.204957032222222,1.13333333e-07,0.002486448095238
8050220,06_V3_016,14.291796034632219,50.12174866846395,1,294,563.15,0,0.0,1,0,1,-193463.46810309144,434678.57360903977,06_V3_016,1,0,0.539360610952381,0.022557351111111,0.026868472380952,0.002354641269841,0.002354641269841,0.002298133015873,0.204957032222222,1.13333333e-07,0.002486448095238
8050220,06_V3_017,14.29306990150228,50.12212606947804,1,308,563.15,0,0.0,1,0,1,-193371.0684658395,434717.50016752054,06_V3_017,1,0,0.539360610952381,0.022557351111111,0.026868472380952,0.002354641269841,0.002354641269841,0.002298133015873,0.204957032222222,1.13333333e-07,0.002486448095238
8050220,06_V3_018,14.294343788346934,50.12250345650161,1,321,563.15,0,0.0,1,0,1,-193278.66875489673,434756.4266455114,06_V3_018,1,0,0.539360610952381,0.022557351111111,0.026868472380952,0.002354641269841,0.002354641269841,0.002298133015873,0.204957032222222,1.13333333e-07,0.002486448095238
8050220,06_V3_019,14.29561769516572,50.12288082953426,1,334,563.15,0,0.0,1,0,1,-193186.2689702773,434795.3530430017,06_V3_019,1,0,0.539360610952381,0.022557351111111,0.026868472380952,0.002354641269841,0.002354641269841,0.002298133015873,0.204957032222222,1.13333333e-07,0.002486448095238
8050220,06_V3_020,14.296877768987688,50.123256948238705,1,347,563.15,0,0.0,1,0,1,-193094.86301141806,434834.1749397996,06_V3_020,1,0,0.539360610952381,0.022557351111111,0.026868472380952,0.002354641269841,0.002354641269841,0.002298133015873,0.204957032222222,1.13333333e-07,0.002486448095238
8050220,06_V3_021,14.298151715612175,50.12363429344032,1,360,563.15,0,0.0,1,0,1,-193002.46307997813,434873.1011772669,06_V3_021,1,0,0.539360610952381,0.022557351111111,0.026868472380952,0.002354641269841,0.002354641269841,0.002298133015873,0.204957032222222,1.13333333e-07,0.002486448095238
8050220,06_V3_022,14.299425682209515,50.12401162464992,1,373,563.15,0,0.0,1,0,1,-192910.06307489678,434912.0273342231,06_V3_022,1,0,0.539360610952381,0.022557351111111,0.026868472380952,0.002354641269841,0.002354641269841,0.002298133015873,0.204957032222222,1.13333333e-07,0.002486448095238
8050220,06_V3_023,14.300685815385515,50.124387701984226,1,386,563.15,0,0.0,1,0,1,-192818.65689711054,434950.8489934112,06_V3_023,1,0,0.539360610952381,0.022557351111111,0.026868472380952,0.002354641269841,0.002354641269841,0.002298133015873,0.204957032222222,1.13333333e-07,0.002486448095238
8050220,06_V3_024,14.30195982178599,50.12476500536063,1,399,563.15,0,0.0,1,0,1,-192726.25674528084,434989.77499032026,06_V3_024,1,0,0.539360610952381,0.022557351111111,0.026868472380952,0.002354641269841,0.002354641269841,0.002298133015873,0.204957032222222,1.13333333e-07,0.002486448095238
8050220,06_V3_025,14.303233848158023,50.12514229474395,1,412,563.15,0,0.0,1,0,1,-192633.8565198466,435028.7009067056,06_V3_025,1,0,0.539360610952381,0.022557351111111,0.026868472380952,0.002354641269841,0.002354641269841,0.002298133015873,0.204957032222222,1.13333333e-07,0.002486448095238
8050220,06_V3_026,14.304507894501201,50.12551957013385,1,425,563.15,0,0.0,1,0,1,-192541.45622081778,435067.6267425691,06_V3_026,1,0,0.539360610952381,0.022557351111111,0.026868472380952,0.002354641269841,0.002354641269841,0.002298133015873,0.204957032222222,1.13333333e-07,0.002486448095238
8050220,06_V3_027,14.305768106856897,50.12589559225286,1,438,563.15,0,0.0,1,0,1,-192450.0497511278,435106.44808456546,06_V3_027,1,0,0.539360610952381,0.022557351111111,0.026868472380952,0.002354641269841,0.002354641269841,0.002298133015873,0.204957032222222,1.13333333e-07,0.002486448095238
8050220,06_V3_028,14.307042192999802,50.12627283980669,1,451,563.15,0,0.0,1,0,1,-192357.64930544587,435145.3737603515,06_V3_028,1,0,0.539360610952381,0.022557351111111,0.026868472380952,0.002354641269841,0.002354641269841,0.002298133015873,0.204957032222222,1.13333333e-07,0.002486448095238
8050220,06_V3_029,14.308316299112526,50.12665007336598,1,464,563.15,0,0.0,1,0,1,-192265.24878620854,435184.29935559887,06_V3_029,1,0,0.539360610952381,0.022557351111111,0.026868472380952,0.002354641269841,0.002354641269841,0.002298133015873,0.204957032222222,1.13333333e-07,0.002486448095238
8050220,06_V3_030,14.30957657081344,50.12702605410735,1,477,563.15,0,0.0,1,0,1,-192173.84209783838,435223.1204599055,06_V3_030,1,0,0.539360610952381,0.022557351111111,0.026868472380952,0.002354641269841,0.002354641269841,0.002298133015873,0.204957032222222,1.13333333e-07,0.002486448095238
8050220,06_V3_031,14.310850716723337,50.12740325982844,1,490,563.15,0,0.0,1,0,1,-192081.44143201923,435262.0458950541,06_V3_031,1,0,0.539360610952381,0.022557351111111,0.026868472380952,0.002354641269841,0.002354641269841,0.002298133015873,0.204957032222222,1.13333333e-07,0.002486448095238
8050220,06_V3_032,14.312124882601777,50.127780451553946,1,504,563.15,0,0.0,1,0,1,-191989.04069267918,435300.97124965704,06_V3_032,1,0,0.539360610952381,0.022557351111111,0.026868472380952,0.002354641269841,0.002354641269841,0.002298133015873,0.204957032222222,1.13333333e-07,0.002486448095238
8050220,06_V3_033,14.313385213644107,50.12815639091442,1,517,563.15,0,0.0,1,0,1,-191897.6337857368,435339.792116235,06_V3_033,1,0,0.539360610952381,0.022557351111111,0.026868472380952,0.002354641269841,0.002354641269841,0.002298133015873,0.204957032222222,1.13333333e-07,0.002486448095238
8050220,06_V3_034,14.314659419317138,50.12853355479956,1,530,563.15,0,0.0,1,0,1,-191805.23289988821,435378.7173107152,06_V3_034,1,0,0.539360610952381,0.022557351111111,0.026868472380952,0.002354641269841,0.002354641269841,0.002298133015873,0.204957032222222,1.13333333e-07,0.002486448095238
8050220,06_V3_035,14.315933644957449,50.128910704688025,1,543,563.15,0,0.0,1,0,1,-191712.83194055295,435417.6424246375,06_V3_035,1,0,0.539360610952381,0.022557351111111,0.026868472380952,0.002354641269841,0.002354641269841,0.002298133015873,0.204957032222222,1.13333333e-07,0.002486448095238
8050220,06_V3_036,14.317207890564593,50.1292878405794,1,556,563.15,0,0.0,1,0,1,-191620.43090774445,435456.5674579907,06_V3_036,1,0,0.539360610952381,0.022557351111111,0.026868472380952,0.002354641269841,0.002354641269841,0.002298133015873,0.204957032222222,1.13333333e-07,0.002486448095238
8050220,06_V3_037,14.318468300769721,50.129663724710355,1,569,563.15,0,0.0,1,0,1,-191529.02370937428,435495.38800722925,06_V3_037,1,0,0.539360610952381,0.022557351111111,0.026868472380952,0.002354641269841,0.002354641269841,0.002298133015873,0.204957032222222,1.13333333e-07,0.002486448095238
8050220,06_V3_038,14.319742586168042,50.13004083275849,1,582,563.15,0,0.0,1,0,1,-191436.62253015226,435534.3128804307,06_V3_038,1,0,0.539360610952381,0.022557351111111,0.026868472380952,0.002354641269841,0.002354641269841,0.002298133015873,0.204957032222222,1.13333333e-07,0.002486448095238
8050220,06_V3_039,14.321016891531874,50.130417926808555,1,595,563.15,0,0.0,1,0,1,-191344.22127749465,435573.2376730624,06_V3_039,1,0,0.539360610952381,0.022557351111111,0.026868472380952,0.002354641269841,0.002354641269841,0.002298133015873,0.204957032222222,1.13333333e-07,0.002486448095238
8050220,06_V3_040,14.322277361069576,50.130793769551154,1,608,563.15,0,0.0,1,0,1,-191252.81386080012,435612.0579844952,06_V3_040,1,0,0.539360610952381,0.022557351111111,0.026868472380952,0.002354641269841,0.002354641269841,0.002298133015873,0.204957032222222,1.13333333e-07,0.002486448095238
8050220,06_V3_041,14.323549781589124,50.13117974237822,1,621,563.15,0,0.0,1,0,1,-191160.51638984584,435651.9792454571,06_V3_041,1,0,0.539360610952381,0.022557351111111,0.026868472380952,0.002354641269841,0.002354641269841,0.002298133015873,0.204957032222222,1.13333333e-07,0.002486448095238
8050220,06_V3_042,14.324824146926924,50.13155679460383,1,634,563.15,0,0.0,1,0,1,-191068.1149165603,435690.90379779437,06_V3_042,1,0,0.539360610952381,0.022557351111111,0.026868472380952,0.002354641269841,0.002354641269841,0.002298133015873,0.204957032222222,1.13333333e-07,0.002486448095238
8050220,06_V3_043,14.326084676011973,50.131932595974845,1,647,563.15,0,0.0,1,0,1,-190976.70728077463,435729.7238718606,06_V3_043,1,0,0.539360610952381,0.022557351111111,0.026868472380952,0.002354641269841,0.002354641269841,0.002298133015873,0.204957032222222,1.13333333e-07,0.002486448095238
8050220,06_V3_044,14.32735908113583,50.13230962035295,1,660,563.15,0,0.0,1,0,1,-190884.30566121917,435768.64826400374,06_V3_044,1,0,0.539360610952381,0.022557351111111,0.026868472380952,0.002354641269841,0.002354641269841,0.002298133015873,0.204957032222222,1.13333333e-07,0.002486448095238
8050220,06_V3_045,14.328633506222637,50.13268663073076,1,673,563.15,0,0.0,1,0,1,-190791.90396829954,435807.5725755473,06_V3_045,1,0,0.539360610952381,0.022557351111111,0.026868472380952,0.002354641269841,0.002354641269841,0.002298133015873,0.204957032222222,1.13333333e-07,0.002486448095238
8050220,06_V3_046,14.329907951271995,50.133063627107944,1,686,563.15,0,0.0,1,0,1,-190699.50220202497,435846.4968064942,06_V3_046,1,0,0.539360610952381,0.022557351111111,0.026868472380952,0.002354641269841,0.002354641269841,0.002298133015873,0.204957032222222,1.13333333e-07,0.002486448095238
8050220,06_V3_047,14.331168559502995,50.13343937323516,1,699,563.15,0,0.0,1,0,1,-190608.09427528494,435885.3165630682,06_V3_047,1,0,0.539360610952381,0.022557351111111,0.026868472380952,0.002354641269841,0.002354641269841,0.002298133015873,0.204957032222222,1.13333333e-07,0.002486448095238
8050220,06_V3_048,14.332443044334973,50.13381634176191,1,713,563.15,0,0.0,1,0,1,-190515.69236283744,435924.24063378485,06_V3_048,1,0,0.539360610952381,0.022557351111111,0.026868472380952,0.002354641269841,0.002354641269841,0.002298133015873,0.204957032222222,1.13333333e-07,0.002486448095238
8050220,06_V3_049,14.333717549128162,50.134193296286966,1,726,563.15,0,0.0,1,0,1,-190423.29037707436,435963.16462389135,06_V3_049,1,0,0.539360610952381,0.022557351111111,0.026868472380952,0.002354641269841,0.002354641269841,0.002298133015873,0.204957032222222,1.13333333e-07,0.002486448095238
8050220,06_V3_050,14.334978216679099,50.134569001015095,1,739,563.15,0,0.0,1,0,1,-190331.88223236546,436001.98414254363,06_V3_050,1,0,0.539360610952381,0.022557351111111,0.026868472380952,0.002354641269841,0.002354641269841,0.002298133015873,0.204957032222222,1.13333333e-07,0.002486448095238
8050220,06_V3_051,14.336252761252354,50.134945927687596,1,752,563.15,0,0.0,1,0,1,-190239.4801005001,436040.90797240013,06_V3_051,1,0,0.539360610952381,0.022557351111111,0.026868472380952,0.002354641269841,0.002354641269841,0.002298133015873,0.204957032222222,1.13333333e-07,0.002486448095238
8050220,06_V3_052,14.337527325785562,50.13532284035729,1,765,563.15,0,0.0,1,0,1,-190147.07789535273,436079.83172163303,06_V3_052,1,0,0.539360610952381,0.022557351111111,0.026868472380952,0.002354641269841,0.002354641269841,0.002298133015873,0.204957032222222,1.13333333e-07,0.002486448095238
8050220,06_V3_053,14.338801910278287,50.13569973902384,1,778,563.15,0,0.0,1,0,1,-190054.67561693562,436118.7553902402,06_V3_053,1,0,0.539360610952381,0.022557351111111,0.026868472380952,0.002354641269841,0.002354641269841,0.002298133015873,0.204957032222222,1.13333333e-07,0.002486448095238
8050220,06_V3_054,14.34006265696331,50.13607538849818,1,791,563.15,0,0.0,1,0,1,-189963.26718160583,436157.5745912956,06_V3_054,1,0,0.539360610952381,0.022557351111111,0.026868472380952,0.002354641269841,0.002354641269841,0.002298133015873,0.204957032222222,1.13333333e-07,0.002486448095238
8050220,06_V3_055,14.341337281232645,50.13645225930928,1,804,563.15,0,0.0,1,0,1,-189870.86475718397,436196.4980996188,06_V3_055,1,0,0.539360610952381,0.022557351111111,0.026868472380952,0.002354641269841,0.002354641269841,0.002298133015873,0.204957032222222,1.13333333e-07,0.002486448095238
8050220,06_V3_056,14.342611925460192,50.13682911611619,1,817,563.15,0,0.0,1,0,1,-189778.46225952904,436235.42152731144,06_V3_056,1,0,0.539360610952381,0.022557351111111,0.026868472380952,0.002354641269841,0.002354641269841,0.002298133015873,0.204957032222222,1.13333333e-07,0.002486448095238
8050220,06_V3_057,14.343872731456253,50.137204724184,1,830,563.15,0,0.0,1,0,1,-189687.05360648097,436274.24049036944,06_V3_057,1,0,0.539360610952381,0.022557351111111,0.026868472380952,0.002354641269841,0.002354641269841,0.002298133015873,0.204957032222222,1.13333333e-07,0.002486448095238
8050220,06_V3_058,14.34514741545787,50.13758155313333,1,843,563.15,0,0.0,1,0,1,-189594.6509628909,436313.1637577568,06_V3_058,1,0,0.539360610952381,0.022557351111111,0.026868472380952,0.002354641269841,0.002354641269841,0.002298133015873,0.204957032222222,1.13333333e-07,0.002486448095238
8050220,06_V3_059,14.346422119416392,50.13795836807735,1,856,563.15,0,0.0,1,0,1,-189502.24824610466,436352.0869444959,06_V3_059,1,0,0.539360610952381,0.022557351111111,0.026868472380952,0.002354641269841,0.002354641269841,0.002298133015873,0.204957032222222,1.13333333e-07,0.002486448095238
8050220,06_V3_060,14.347682984719665,50.13833393473549,1,869,563.15,0,0.0,1,0,1,-189410.83937544626,436390.9056695297,06_V3_060,1,0,0.539360610952381,0.022557351111111,0.026868472380952,0.002354641269841,0.002354641269841,0.002298133015873,0.204957032222222,1.13333333e-07,0.002486448095238
8050220,06_V3_061,14.348957728449674,50.13871072181976,1,882,563.15,0,0.0,1,0,1,-189318.4365127975,436429.8286959395,06_V3_061,1,0,0.539360610952381,0.022557351111111,0.026868472380952,0.002354641269841,0.002354641269841,0.002298133015873,0.204957032222222,1.13333333e-07,0.002486448095238
8050220,06_V3_062,14.350232492135303,50.13908749489768,1,895,563.15,0,0.0,1,0,1,-189226.03357698765,436468.75164169393,06_V3_062,1,0,0.539360610952381,0.022557351111111,0.026868472380952,0.002354641269841,0.002354641269841,0.002298133015873,0.204957032222222,1.13333333e-07,0.002486448095238
8050220,06_V3_063,14.351507275776106,50.139464253968825,1,908,563.15,0,0.0,1,0,1,-189133.6305680299,436507.6745067809,06_V3_063,1,0,0.539360610952381,0.022557351111111,0.026868472380952,0.002354641269841,0.002354641269841,0.002298133015873,0.204957032222222,1.13333333e-07,0.002486448095238
8050220,24_V2_001,14.246183881406353,50.108246595503545,1,6,563.15,0,0.0,1,0,1,-196772.747890951,433287.0169920428,24_V2_001,1,0,4.83871434384615,0.108465672307692,0.188984528461538,0.018219761538461,0.018219761538461,0.017782493076923,1.83871145076923,9.73846154e-07,0.016150543846154
8050220,24_V2_002,14.24485536077467,50.10786369351843,1,13,563.15,0,0.0,1,0,1,-196869.12032512284,433247.66963068786,24_V2_002,1,0,4.83871434384615,0.108465672307692,0.188984528461538,0.018219761538461,0.018219761538461,0.017782493076923,1.83871145076923,9.73846154e-07,0.016150543846154
8050220,24_V2_003,14.243542646840671,50.10747311766515,1,20,563.15,0,0.0,1,0,1,-196964.3948190474,433207.4300436172,24_V2_003,1,0,4.83871434384615,0.108465672307692,0.188984528461538,0.018219761538461,0.018219761538461,0.017782493076923,1.83871145076923,9.73846154e-07,0.016150543846154
8050220,24_V2_004,14.24221416856598,50.107090185425406,1,27,563.15,0,0.0,1,0,1,-197060.76709635014,433168.08250701724,24_V2_004,1,0,4.83871434384615,0.108465672307692,0.188984528461538,0.018219761538461,0.018219761538461,0.017782493076923,1.83871145076923,9.73846154e-07,0.016150543846154
8050220,24_V2_005,14.24090149715727,50.10669957967552,1,34,563.15,0,0.0,1,0,1,-197156.0414325789,433127.8427477362,24_V2_005,1,0,4.83871434384615,0.108465672307692,0.188984528461538,0.018219761538461,0.018219761538461,0.017782493076923,1.83871145076923,9.73846154e-07,0.016150543846154
8050220,24_V2_006,14.23957500043498,50.10630771189904,1,41,563.15,0,0.0,1,0,1,-197252.30956659382,433087.4984387437,24_V2_006,1,0,4.83871434384615,0.108465672307692,0.188984528461538,0.018219761538461,0.018219761538461,0.017782493076923,1.83871145076923,9.73846154e-07,0.016150543846154
8050220,24_V2_007,14.238260432360105,50.105925981537936,1,48,563.15,0,0.0,1,0,1,-197347.68773143622,433048.2551044472,24_V2_007,1,0,4.83871434384615,0.108465672307692,0.188984528461538,0.018219761538461,0.018219761538461,0.017782493076923,1.83871145076923,9.73846154e-07,0.016150543846154
8050220,24_V2_008,14.236933978456808,50.10553408355242,1,54,563.15,0,0.0,1,0,1,-197443.95570663706,433007.9106212309,24_V2_008,1,0,4.83871434384615,0.108465672307692,0.188984528461538,0.018219761538461,0.018219761538461,0.017782493076923,1.83871145076923,9.73846154e-07,0.016150543846154
8050220,24_V2_009,14.235619452453106,50.1051523232555,1,61,563.15,0,0.0,1,0,1,-197539.3337155133,432968.6671137756,24_V2_009,1,0,4.83871434384615,0.108465672307692,0.188984528461538,0.018219761538461,0.018219761538461,0.017782493076923,1.83871145076923,9.73846154e-07,0.016150543846154
8050220,24_V2_010,14.234293041370746,50.10476039506258,1,68,563.15,0,0.0,1,0,1,-197635.60153184732,432928.3224563546,24_V2_010,1,0,4.83871434384615,0.108465672307692,0.188984528461538,0.018219761538461,0.018219761538461,0.017782493076923,1.83871145076923,9.73846154e-07,0.016150543846154
8050220,24_V2_011,14.232980497776888,50.10436969965352,1,75,563.15,0,0.0,1,0,1,-197730.87539375466,432888.0821810429,24_V2_011,1,0,4.83871434384615,0.108465672307692,0.188984528461538,0.018219761538461,0.018219761538461,0.017782493076923,1.83871145076923,9.73846154e-07,0.016150543846154
8050220,24_V2_012,14.231666034925786,50.103987894544744,1,82,563.15,0,0.0,1,0,1,-197826.2531683791,432848.83841462916,24_V2_012,1,0,4.83871434384615,0.108465672307692,0.188984528461538,0.018219761538461,0.018219761538461,0.017782493076923,1.83871145076923,9.73846154e-07,0.016150543846154
8050220,24_V2_013,14.230339688119916,50.10359592113337,1,89,563.15,0,0.0,1,0,1,-197922.52074611344,432808.4934966903,24_V2_013,1,0,4.83871434384615,0.108465672307692,0.188984528461538,0.018219761538461,0.018219761538461,0.017782493076923,1.83871145076923,9.73846154e-07,0.016150543846154
8050220,24_V3_001,14.22904105381911,50.10320642940327,1,99,563.15,0,0.0,1,0,1,-198016.80049825466,432768.35743643297,24_V3_001,1,0,1.6967311068254,0.070961349047619,0.084523366190476,0.007407277301587,0.007407277301587,0.007229506825397,0.644757820634921,3.56666667e-07,0.007821589047619
8050220,24_V3_002,14.227780093984897,50.10283847904722,1,112,563.15,0,0.0,1,0,1,-198108.30654485928,432730.5278988405,24_V3_002,1,0,1.6967311068254,0.070961349047619,0.084523366190476,0.007407277301587,0.007407277301587,0.007229506825397,0.644757820634921,3.56666667e-07,0.007821589047619
8050220,24_V3_003,14.226507249711167,50.10246036118091,1,125,563.15,0,0.0,1,0,1,-198200.70239617437,432691.59721521364,24_V3_003,1,0,1.6967311068254,0.070961349047619,0.084523366190476,0.007407277301587,0.007407277301587,0.007229506825397,0.644757820634921,3.56666667e-07,0.007821589047619
8050220,24_V3_004,14.225234425434577,50.10208222934298,1,138,563.15,0,0.0,1,0,1,-198293.09817316872,432652.6664512984,24_V3_004,1,0,1.6967311068254,0.070961349047619,0.084523366190476,0.007407277301587,0.007407277301587,0.007229506825397,0.644757820634921,3.56666667e-07,0.007821589047619
8050220,24_V3_005,14.223959679256032,50.10171298856669,1,151,563.15,0,0.0,1,0,1,-198385.59787304862,432614.73219840997,24_V3_005,1,0,1.6967311068254,0.070961349047619,0.084523366190476,0.007407277301587,0.007407277301587,0.007229506825397,0.644757820634921,3.56666667e-07,0.007821589047619
8050220,24_V3_006,14.222686894754494,50.101334828766035,1,164,563.15,0,0.0,1,0,1,-198477.99350225393,432575.8012734364,24_V3_006,1,0,1.6967311068254,0.070961349047619,0.084523366190476,0.007407277301587,0.007407277301587,0.007229506825397,0.644757820634921,3.56666667e-07,0.007821589047619
8050220,24_V3_007,14.221414130251366,50.100956654994754,1,177,563.15,0,0.0,1,0,1,-198570.38905710424,432536.87026817584,24_V3_007,1,0,1.6967311068254,0.070961349047619,0.084523366190476,0.007407277301587,0.007407277301587,0.007229506825397,0.644757820634921,3.56666667e-07,0.007821589047619
8050220,24_V3_008,14.220153287654831,50.1005886217091,1,190,563.15,0,0.0,1,0,1,-198661.89466828696,432499.04025188705,24_V3_008,1,0,1.6967311068254,0.070961349047619,0.084523366190476,0.007407277301587,0.007407277301587,0.007229506825397,0.644757820634921,3.56666667e-07,0.007821589047619
8050220,24_V3_009,14.218880562787625,50.10021042012902,1,203,563.15,0,0.0,1,0,1,-198754.29007578353,432460.10908657947,24_V3_009,1,0,1.6967311068254,0.070961349047619,0.084523366190476,0.007407277301587,0.007407277301587,0.007229506825397,0.644757820634921,3.56666667e-07,0.007821589047619
8050220,24_V3_010,14.217607857920106,50.09983220457939,1,216,563.15,0,0.0,1,0,1,-198846.68540888967,432421.1778409977,24_V3_010,1,0,1.6967311068254,0.070961349047619,0.084523366190476,0.007407277301587,0.007407277301587,0.007229506825397,0.644757820634921,3.56666667e-07,0.007821589047619
8050220,24_V3_011,14.216333229831701,50.09946287997086,1,229,563.15,0,0.0,1,0,1,-198939.1846701086,432383.24310359824,24_V3_011,1,0,1.6967311068254,0.070961349047619,0.084523366190476,0.007407277301587,0.007407277301587,0.007229506825397,0.644757820634921,3.56666667e-07,0.007821589047619
8050220,24_V3_012,14.215060564744448,50.09908463646289,1,242,563.15,0,0.0,1,0,1,-199031.57985528046,432344.3116970097,24_V3_012,1,0,1.6967311068254,0.070961349047619,0.084523366190476,0.007407277301587,0.007407277301587,0.007229506825397,0.644757820634921,3.56666667e-07,0.007821589047619
8050220,24_V3_013,14.213801763421953,50.098707629227775,1,255,563.15,0,0.0,1,0,1,-199122.9810993812,432305.4846944151,24_V3_013,1,0,1.6967311068254,0.070961349047619,0.084523366190476,0.007407277301587,0.007407277301587,0.007229506825397,0.644757820634921,3.56666667e-07,0.007821589047619
8050220,24_V3_014,14.212527194314903,50.09833826278387,1,268,563.15,0,0.0,1,0,1,-199215.48014135764,432267.5497153019,24_V3_014,1,0,1.6967311068254,0.070961349047619,0.084523366190476,0.007407277301587,0.007407277301587,0.007229506825397,0.644757820634921,3.56666667e-07,0.007821589047619
8050220,24_V3_015,14.211254588869703,50.09795997750288,1,281,563.15,0,0.0,1,0,1,-199307.8751046066,432228.6180684445,24_V3_015,1,0,1.6967311068254,0.070961349047619,0.084523366190476,0.007407277301587,0.007407277301587,0.007229506825397,0.644757820634921,3.56666667e-07,0.007821589047619
8050220,24_V3_016,14.209982003426768,50.09758167825452,1,294,563.15,0,0.0,1,0,1,-199400.26999339272,432189.6863413354,24_V3_016,1,0,1.6967311068254,0.070961349047619,0.084523366190476,0.007407277301587,0.007407277301587,0.007229506825397,0.644757820634921,3.56666667e-07,0.007821589047619
8050220,24_V3_017,14.208707493444283,50.097212269826564,1,308,563.15,0,0.0,1,0,1,-199492.76881552037,432151.75111956004,24_V3_017,1,0,1.6967311068254,0.070961349047619,0.084523366190476,0.007407277301587,0.007407277301587,0.007229506825397,0.644757820634921,3.56666667e-07,0.007821589047619
8050220,24_V3_018,14.207434947786801,50.09683394262408,1,321,563.15,0,0.0,1,0,1,-199585.16355622924,432112.81923148176,24_V3_018,1,0,1.6967311068254,0.070961349047619,0.084523366190476,0.007407277301587,0.007407277301587,0.007229506825397,0.644757820634921,3.56666667e-07,0.007821589047619
8050220,24_V3_019,14.206176265051653,50.09645685260569,1,334,563.15,0,0.0,1,0,1,-199676.56435882376,432073.9917533182,24_V3_019,1,0,1.6967311068254,0.070961349047619,0.084523366190476,0.007407277301587,0.007407277301587,0.007229506825397,0.644757820634921,3.56666667e-07,0.007821589047619
8050220,24_V3_020,14.204901814058406,50.09608740234878,1,347,563.15,0,0.0,1,0,1,-199769.06296149286,432036.05628989695,24_V3_020,1,0,1.6967311068254,0.070961349047619,0.084523366190476,0.007407277301587,0.007407277301587,0.007229506825397,0.644757820634921,3.56666667e-07,0.007821589047619
8050220,24_V3_021,14.20362932805071,50.09570903337981,1,360,563.15,0,0.0,1,0,1,-199861.45748006276,431997.12416162534,24_V3_021,1,0,1.6967311068254,0.070961349047619,0.084523366190476,0.007407277301587,0.007407277301587,0.007229506825397,0.644757820634921,3.56666667e-07,0.007821589047619
8050220,24_V3_022,14.202356862047854,50.09533065044569,1,373,563.15,0,0.0,1,0,1,-199953.85192409754,431958.1919531284,24_V3_022,1,0,1.6967311068254,0.070961349047619,0.084523366190476,0.007407277301587,0.007407277301587,0.007229506825397,0.644757820634921,3.56666667e-07,0.007821589047619
8050220,24_V3_023,14.201082470187073,50.094961158211085,1,386,563.15,0,0.0,1,0,1,-200046.3503067026,431920.25624710723,24_V3_023,1,0,1.6967311068254,0.070961349047619,0.084523366190476,0.007407277301587,0.007407277301587,0.007229506825397,0.644757820634921,3.56666667e-07,0.007821589047619
8050220,24_V3_024,14.199810043974868,50.09458274732719,1,399,563.15,0,0.0,1,0,1,-200138.74460251565,431881.32387769263,24_V3_024,1,0,1.6967311068254,0.070961349047619,0.084523366190476,0.007407277301587,0.007407277301587,0.007229506825397,0.644757820634921,3.56666667e-07,0.007821589047619
8050220,24_V3_025,14.19855147984231,50.0942055745383,1,412,563.15,0,0.0,1,0,1,-200230.1449631769,431842.4959240923,24_V3_025,1,0,1.6967311068254,0.070961349047619,0.084523366190476,0.007407277301587,0.007407277301587,0.007229506825397,0.644757820634921,3.56666667e-07,0.007821589047619
8050220,24_V3_026,14.197277146978598,50.09383604048117,1,425,563.15,0,0.0,1,0,1,-200322.64312611034,431804.5599764939,24_V3_026,1,0,1.6967311068254,0.070961349047619,0.084523366190476,0.007407277301587,0.007407277301587,0.007229506825397,0.644757820634921,3.56666667e-07,0.007821589047619
8050220,24_V3_027,14.196004780423896,50.09345758783721,1,438,563.15,0,0.0,1,0,1,-200415.03719956943,431765.62736694893,24_V3_027,1,0,1.6967311068254,0.070961349047619,0.084523366190476,0.007407277301587,0.007407277301587,0.007229506825397,0.644757820634921,3.56666667e-07,0.007821589047619
8050220,24_V3_028,14.194732433876602,50.093079121230225,1,451,563.15,0,0.0,1,0,1,-200507.43119842163,431726.69467719976,24_V3_028,1,0,1.6967311068254,0.070961349047619,0.084523366190476,0.007407277301587,0.007407277301587,0.007229506825397,0.644757820634921,3.56666667e-07,0.007821589047619
8050220,24_V3_029,14.193458160153268,50.09270954520189,1,464,563.15,0,0.0,1,0,1,-200599.92914107424,431688.758487075,24_V3_029,1,0,1.6967311068254,0.070961349047619,0.084523366190476,0.007407277301587,0.007407277301587,0.007229506825397,0.644757820634921,3.56666667e-07,0.007821589047619
8050220,24_V3_030,14.192185853401798,50.09233105064941,1,477,563.15,0,0.0,1,0,1,-200692.32299156202,431649.8256364471,24_V3_030,1,0,1.6967311068254,0.070961349047619,0.084523366190476,0.007407277301587,0.007407277301587,0.007229506825397,0.644757820634921,3.56666667e-07,0.007821589047619
8050220,24_V3_031,14.190927407887042,50.091953795102924,1,490,563.15,0,0.0,1,0,1,-200783.72290986424,431610.9972075522,24_V3_031,1,0,1.6967311068254,0.070961349047619,0.084523366190476,0.007407277301587,0.007407277301587,0.007229506825397,0.644757820634921,3.56666667e-07,0.007821589047619
8050220,24_V3_032,14.189653193168663,50.09158417725844,1,504,563.15,0,0.0,1,0,1,-200876.2206326282,431573.06077591237,24_V3_032,1,0,1.6967311068254,0.070961349047619,0.084523366190476,0.007407277301587,0.007407277301587,0.007229506825397,0.644757820634921,3.56666667e-07,0.007821589047619
8050220,24_V3_033,14.188380946082402,50.091205640952445,1,517,563.15,0,0.0,1,0,1,-200968.6142605467,431534.1276852348,24_V3_033,1,0,1.6967311068254,0.070961349047619,0.084523366190476,0.007407277301587,0.007407277301587,0.007229506825397,0.644757820634921,3.56666667e-07,0.007821589047619
8050220,24_V3_034,14.187108719006122,50.09082709068561,1,530,563.15,0,0.0,1,0,1,-201061.00781378613,431495.1945143764,24_V3_034,1,0,1.6967311068254,0.070961349047619,0.084523366190476,0.007407277301587,0.007407277301587,0.007229506825397,0.644757820634921,3.56666667e-07,0.007821589047619
8050220,24_V3_035,14.185834563436014,50.0904574308763,1,543,563.15,0,0.0,1,0,1,-201153.50531605366,431457.25784027245,24_V3_035,1,0,1.6967311068254,0.070961349047619,0.084523366190476,0.007407277301587,0.007407277301587,0.007229506825397,0.644757820634921,3.56666667e-07,0.007821589047619
8050220,24_V3_036,14.18456237616073,50.090078852668334,1,556,563.15,0,0.0,1,0,1,-201245.89872078507,431418.3245085862,24_V3_036,1,0,1.6967311068254,0.070961349047619,0.084523366190476,0.007407277301587,0.007407277301587,0.007229506825397,0.644757820634921,3.56666667e-07,0.007821589047619
8050220,24_V3_037,14.183304049278982,50.08970151437707,1,569,563.15,0,0.0,1,0,1,-201337.2981963021,431379.4956045324,24_V3_037,1,0,1.6967311068254,0.070961349047619,0.084523366190476,0.007407277301587,0.007407277301587,0.007229506825397,0.644757820634921,3.56666667e-07,0.007821589047619
8050220,24_V3_038,14.182029952721658,50.08933181275804,1,582,563.15,0,0.0,1,0,1,-201429.7954784671,431341.5586889835,24_V3_038,1,0,1.6967311068254,0.070961349047619,0.084523366190476,0.007407277301587,0.007407277301587,0.007229506825397,0.644757820634921,3.56666667e-07,0.007821589047619
8050220,24_V3_039,14.180757825119295,50.088953192802954,1,595,563.15,0,0.0,1,0,1,-201522.18866041413,431302.62511730974,24_V3_039,1,0,1.6967311068254,0.070961349047619,0.084523366190476,0.007407277301587,0.007407277301587,0.007229506825397,0.644757820634921,3.56666667e-07,0.007821589047619
8050220,24_V3_040,14.17948571752947,50.088574558889206,1,608,563.15,0,0.0,1,0,1,-201614.58176761054,431263.6914654785,24_V3_040,1,0,1.6967311068254,0.070961349047619,0.084523366190476,0.007407277301587,0.007407277301587,0.007229506825397,0.644757820634921,3.56666667e-07,0.007821589047619
8050220,24_V3_041,14.178211680128307,50.08820481531177,1,621,563.15,0,0.0,1,0,1,-201707.07882906316,431225.7543075333,24_V3_041,1,0,1.6967311068254,0.070961349047619,0.084523366190476,0.007407277301587,0.007407277301587,0.007229506825397,0.644757820634921,3.56666667e-07,0.007821589047619
8050220,24_V3_042,14.176939612344647,50.08782615346122,1,634,563.15,0,0.0,1,0,1,-201799.47178760814,431186.8204949238,24_V3_042,1,0,1.6967311068254,0.070961349047619,0.084523366190476,0.007407277301587,0.007407277301587,0.007229506825397,0.644757820634921,3.56666667e-07,0.007821589047619
8050220,24_V3_043,14.175681404111101,50.08744873243808,1,647,563.15,0,0.0,1,0,1,-201890.87081991357,431147.9911158484,24_V3_043,1,0,1.6967311068254,0.070961349047619,0.084523366190476,0.007407277301587,0.007407277301587,0.007229506825397,0.644757820634921,3.56666667e-07,0.007821589047619
8050220,24_V3_044,14.174407425730562,50.08707894705737,1,660,563.15,0,0.0,1,0,1,-201983.36766104863,431110.053716531,24_V3_044,1,0,1.6967311068254,0.070961349047619,0.084523366190476,0.007407277301587,0.007407277301587,0.007229506825397,0.644757820634921,3.56666667e-07,0.007821589047619
8050220,24_V3_045,14.17313541762753,50.08670024346616,1,673,563.15,0,0.0,1,0,1,-202075.76039659363,431071.11966399767,24_V3_045,1,0,1.6967311068254,0.070961349047619,0.084523366190476,0.007407277301587,0.007407277301587,0.007229506825397,0.644757820634921,3.56666667e-07,0.007821589047619
8050220,24_V3_046,14.171863429539593,50.08632152591853,1,686,563.15,0,0.0,1,0,1,-202168.15305731609,431032.1855313386,24_V3_046,1,0,1.6967311068254,0.070961349047619,0.084523366190476,0.007407277301587,0.007407277301587,0.007229506825397,0.644757820634921,3.56666667e-07,0.007821589047619
8050220,24_V3_047,14.170589510323092,50.085951698585816,1,699,563.15,0,0.0,1,0,1,-202260.64967752338,430994.24788968795,24_V3_047,1,0,1.6967311068254,0.070961349047619,0.084523366190476,0.007407277301587,0.007407277301587,0.007229506825397,0.644757820634921,3.56666667e-07,0.007821589047619
8050220,24_V3_048,14.169317562046507,50.08557295310569,1,713,563.15,0,0.0,1,0,1,-202353.04218944968,430955.3135962944,24_V3_048,1,0,1.6967311068254,0.070961349047619,0.084523366190476,0.007407277301587,0.007407277301587,0.007229506825397,0.644757820634921,3.56666667e-07,0.007821589047619
8050220,24_V3_049,14.168059472476312,50.08519544936357,1,726,563.15,0,0.0,1,0,1,-202444.44077811931,430916.4837423424,24_V3_049,1,0,1.6967311068254,0.070961349047619,0.084523366190476,0.007407277301587,0.007407277301587,0.007229506825397,0.644757820634921,3.56666667e-07,0.007821589047619
8050220,24_V3_050,14.166785612288276,50.08482558023395,1,739,563.15,0,0.0,1,0,1,-202536.93717779388,430878.5458593818,24_V3_050,1,0,1.6967311068254,0.070961349047619,0.084523366190476,0.007407277301587,0.007407277301587,0.007229506825397,0.644757820634921,3.56666667e-07,0.007821589047619
8050220,24_V3_051,14.165513723699993,50.084446793019694,1,752,563.15,0,0.0,1,0,1,-202629.32946650602,430839.6113261408,24_V3_051,1,0,1.6967311068254,0.070961349047619,0.084523366190476,0.007407277301587,0.007407277301587,0.007229506825397,0.644757820634921,3.56666667e-07,0.007821589047619
8050220,24_V3_052,14.16424185512935,50.08406799185111,1,765,563.15,0,0.0,1,0,1,-202721.72168032514,430800.6767127869,24_V3_052,1,0,1.6967311068254,0.070961349047619,0.084523366190476,0.007407277301587,0.007407277301587,0.007229506825397,0.644757820634921,3.56666667e-07,0.007821589047619
8050220,24_V3_053,14.162968054113218,50.083698080775946,1,778,563.15,0,0.0,1,0,1,-202814.21785885643,430762.73858756653,24_V3_053,1,0,1.6967311068254,0.070961349047619,0.084523366190476,0.007407277301587,0.007407277301587,0.007229506825397,0.644757820634921,3.56666667e-07,0.007821589047619
8050220,24_V3_054,14.16171006334468,50.0833205081294,1,791,563.15,0,0.0,1,0,1,-202905.61607787907,430723.9083379944,24_V3_054,1,0,1.6967311068254,0.070961349047619,0.084523366190476,0.007407277301587,0.007407277301587,0.007229506825397,0.644757820634921,3.56666667e-07,0.007821589047619
8050220,24_V3_055,14.160438254467449,50.08294166523099,1,804,563.15,0,0.0,1,0,1,-202998.0080683408,430684.973484839,24_V3_055,1,0,1.6967311068254,0.070961349047619,0.084523366190476,0.007407277301587,0.007407277301587,0.007229506825397,0.644757820634921,3.56666667e-07,0.007821589047619
8050220,24_V3_056,14.159164512487596,50.08257171236537,1,817,563.15,0,0.0,1,0,1,-203090.5040261252,430647.0351183787,24_V3_056,1,0,1.6967311068254,0.070961349047619,0.084523366190476,0.007407277301587,0.007407277301587,0.007229506825397,0.644757820634921,3.56666667e-07,0.007821589047619
8050220,24_V3_057,14.157892743429457,50.08219284154096,1,830,563.15,0,0.0,1,0,1,-203182.89586757528,430608.10010455817,24_V3_057,1,0,1.6967311068254,0.070961349047619,0.084523366190476,0.007407277301587,0.007407277301587,0.007229506825397,0.644757820634921,3.56666667e-07,0.007821589047619
8050220,24_V3_058,14.156620994391535,50.081813956764414,1,843,563.15,0,0.0,1,0,1,-203275.28763405883,430569.16501065576,24_V3_058,1,0,1.6967311068254,0.070961349047619,0.084523366190476,0.007407277301587,0.007407277301587,0.007229506825397,0.644757820634921,3.56666667e-07,0.007821589047619
8050220,24_V3_059,14.155347311591438,50.0814439619597,1,856,563.15,0,0.0,1,0,1,-203367.7833704855,430531.22640200146,24_V3_059,1,0,1.6967311068254,0.070961349047619,0.084523366190476,0.007407277301587,0.007407277301587,0.007229506825397,0.644757820634921,3.56666667e-07,0.007821589047619
8050220,24_V3_060,14.154089439514069,50.08106630661779,1,869,563.15,0,0.0,1,0,1,-203459.18114509006,430492.3956778088,24_V3_060,1,0,1.6967311068254,0.070961349047619,0.084523366190476,0.007407277301587,0.007407277301587,0.007229506825397,0.644757820634921,3.56666667e-07,0.007821589047619
8050220,24_V3_061,14.15281775017722,50.08068738011792,1,882,563.15,0,0.0,1,0,1,-203551.57268800243,430453.4603441742,24_V3_061,1,0,1.6967311068254,0.070961349047619,0.084523366190476,0.007407277301587,0.007407277301587,0.007229506825397,0.644757820634921,3.56666667e-07,0.007821589047619
8050220,24_V3_062,14.151544126421237,50.08031734352916,1,895,563.15,0,0.0,1,0,1,-203644.0682034663,430415.5214943479,24_V3_062,1,0,1.6967311068254,0.070961349047619,0.084523366190476,0.007407277301587,0.007407277301587,0.007229506825397,0.644757820634921,3.56666667e-07,0.007821589047619
8050220,24_V3_063,14.150272476908638,50.07993838910761,1,908,563.15,0,0.0,1,0,1,-203736.45959722323,430376.58600009413,24_V3_063,1,0,1.6967311068254,0.070961349047619,0.084523366190476,0.007407277301587,0.007407277301587,0.007229506825397,0.644757820634921,3.56666667e-07,0.007821589047619
8050220,12_V2_001,14.270747493128182,50.09707177158031,1,6,563.15,0,0.0,1,0,1,-195061.0984468426,431981.8122114194,12_V2_001,1,0,0.289865228461538,0.006497694615385,0.011321208461538,0.001091475384615,0.001091475384615,0.001065274615385,0.110148786923077,5.8461538e-08,0.000967756153846
8050220,12_V2_002,14.27190119295051,50.09650350802771,1,13,563.15,0,0.0,1,0,1,-194980.85286057505,431915.6885565081,12_V2_002,1,0,0.289865228461538,0.006497694615385,0.011321208461538,0.001091475384615,0.001091475384615,0.001065274615385,0.110148786923077,5.8461538e-08,0.000967756153846
8050220,12_V2_003,14.273052932937418,50.095944138834376,1,20,563.15,0,0.0,1,0,1,-194900.71134288303,431850.5614565754,12_V2_003,1,0,0.289865228461538,0.006497694615385,0.011321208461538,0.001091475384615,0.001091475384615,0.001065274615385,0.110148786923077,5.8461538e-08,0.000967756153846
8050220,12_V2_004,14.274206578486881,50.09537585230774,1,27,563.15,0,0.0,1,0,1,-194820.46597082814,431784.43773283047,12_V2_004,1,0,0.289865228461538,0.006497694615385,0.011321208461538,0.001091475384615,0.001091475384615,0.001065274615385,0.110148786923077,5.8461538e-08,0.000967756153846
8050220,12_V2_005,14.275372108904632,50.094817703093014,1,34,563.15,0,0.0,1,0,1,-194739.3307993879,431719.4149980339,12_V2_005,1,0,0.289865228461538,0.006497694615385,0.011321208461538,0.001091475384615,0.001091475384615,0.001065274615385,0.110148786923077,5.8461538e-08,0.000967756153846
8050220,12_V2_006,14.2765257000497,50.094249393457126,1,41,563.15,0,0.0,1,0,1,-194659.08564205514,431653.29120450694,12_V2_006,1,0,0.289865228461538,0.006497694615385,0.011321208461538,0.001091475384615,0.001091475384615,0.001065274615385,0.110148786923077,5.8461538e-08,0.000967756153846
8050220,12_V2_007,14.277677332307615,50.093689978262844,1,48,563.15,0,0.0,1,0,1,-194578.94454966,431588.1639640314,12_V2_007,1,0,0.289865228461538,0.006497694615385,0.011321208461538,0.001091475384615,0.001091475384615,0.001065274615385,0.110148786923077,5.8461538e-08,0.000967756153846
8050220,12_V2_008,14.278844713016882,50.09312288815546,1,54,563.15,0,0.0,1,0,1,-194497.7057419664,431522.14453372546,12_V2_008,1,0,0.289865228461538,0.006497694615385,0.011321208461538,0.001091475384615,0.001091475384615,0.001065274615385,0.110148786923077,5.8461538e-08,0.000967756153846
8050220,12_V2_009,14.279996291348077,50.09256344989505,1,61,563.15,0,0.0,1,0,1,-194417.5648624129,431457.01722251734,12_V2_009,1,0,0.289865228461538,0.006497694615385,0.011321208461538,0.001091475384615,0.001091475384615,0.001065274615385,0.110148786923077,5.8461538e-08,0.000967756153846
8050220,12_V2_010,14.281147842900177,50.09200400018071,1,68,563.15,0,0.0,1,0,1,-194337.4240885362,431391.8898761828,12_V2_010,1,0,0.289865228461538,0.006497694615385,0.011321208461538,0.001091475384615,0.001091475384615,0.001065274615385,0.110148786923077,5.8461538e-08,0.000967756153846
8050220,12_V2_011,14.282301298363437,50.091435632995555,1,75,563.15,0,0.0,1,0,1,-194257.17946646432,431325.7659094475,12_V2_011,1,0,0.289865228461538,0.006497694615385,0.011321208461538,0.001091475384615,0.001091475384615,0.001065274615385,0.110148786923077,5.8461538e-08,0.000967756153846
8050220,12_V2_012,14.283466639428626,50.09087740230411,1,82,563.15,0,0.0,1,0,1,-194176.04504256262,431260.74292152707,12_V2_012,1,0,0.289865228461538,0.006497694615385,0.011321208461538,0.001091475384615,0.001091475384615,0.001065274615385,0.110148786923077,5.8461538e-08,0.000967756153846
8050220,12_V2_013,14.284620040495696,50.0903090120162,1,89,563.15,0,0.0,1,0,1,-194095.80063501417,431194.6188850437,12_V2_013,1,0,0.289865228461538,0.006497694615385,0.011321208461538,0.001091475384615,0.001091475384615,0.001065274615385,0.110148786923077,5.8461538e-08,0.000967756153846
8050220,12_V3_001,14.285783397397568,50.089759664065575,1,99,563.15,0,0.0,1,0,1,-194014.77037609773,431130.59240832325,12_V3_001,1,0,0.100738164285714,0.00421311031746,0.005018315079365,0.000439786984127,0.000439786984127,0.000429230793651,0.038280502380952,2.1111111e-08,0.000464463650794
8050220,12_V3_002,14.286903269245492,50.089215485913705,1,112,563.15,0,0.0,1,0,1,-193936.82575410343,431067.2492011556,12_V3_002,1,0,0.100738164285714,0.00421311031746,0.005018315079365,0.000439786984127,0.000439786984127,0.000429230793651,0.038280502380952,2.1111111e-08,0.000464463650794
8050220,12_V3_003,14.28800927297754,50.088670055521746,1,125,563.15,0,0.0,1,0,1,-193859.87509202913,431003.80153641,12_V3_003,1,0,0.100738164285714,0.00421311031746,0.005018315079365,0.000439786984127,0.000439786984127,0.000429230793651,0.038280502380952,2.1111111e-08,0.000464463650794
8050220,12_V3_004,14.289129094296547,50.088125855838776,1,138,563.15,0,0.0,1,0,1,-193781.93066925343,430940.45826376014,12_V3_004,1,0,0.100738164285714,0.00421311031746,0.005018315079365,0.000439786984127,0.000439786984127,0.000429230793651,0.038280502380952,2.1111111e-08,0.000464463650794
8050220,12_V3_005,14.290235047757074,50.08758040418116,1,151,563.15,0,0.0,1,0,1,-193704.9802052879,430877.01053540147,12_V3_005,1,0,0.100738164285714,0.00421311031746,0.005018315079365,0.000439786984127,0.000439786984127,0.000429230793651,0.038280502380952,2.1111111e-08,0.000464463650794
8050220,12_V3_006,14.29135481854925,50.08703618296879,1,164,563.15,0,0.0,1,0,1,-193627.0359816808,430813.6671972822,12_V3_006,1,0,0.100738164285714,0.00421311031746,0.005018315079365,0.000439786984127,0.000439786984127,0.000429230793651,0.038280502380952,2.1111111e-08,0.000464463650794
8050220,12_V3_007,14.292474564014912,50.086491950925804,1,177,563.15,0,0.0,1,0,1,-193549.0918579073,430750.3238259678,12_V3_007,1,0,0.100738164285714,0.00421311031746,0.005018315079365,0.000439786984127,0.000439786984127,0.000429230793651,0.038280502380952,2.1111111e-08,0.000464463650794
8050220,12_V3_008,14.293578513624187,50.0859553735204,1,190,563.15,0,0.0,1,0,1,-193472.2456364188,430687.87258231343,12_V3_008,1,0,0.100738164285714,0.00421311031746,0.005018315079365,0.000439786984127,0.000439786984127,0.000429230793651,0.038280502380952,2.1111111e-08,0.000464463650794
8050220,12_V3_009,14.29469820879502,50.085411119969926,1,203,563.15,0,0.0,1,0,1,-193394.30171087294,430624.529145072,12_V3_009,1,0,0.100738164285714,0.00421311031746,0.005018315079365,0.000439786984127,0.000439786984127,0.000429230793651,0.038280502380952,2.1111111e-08,0.000464463650794
8050220,12_V3_010,14.29580403674803,50.08486561510888,1,216,563.15,0,0.0,1,0,1,-193317.3517413761,430561.0812567837,12_V3_010,1,0,0.100738164285714,0.00421311031746,0.005018315079365,0.000439786984127,0.000439786984127,0.000429230793651,0.038280502380952,2.1111111e-08,0.000464463650794
8050220,12_V3_011,14.29692368139728,50.084321340033206,1,229,563.15,0,0.0,1,0,1,-193239.40801487037,430497.7377540997,12_V3_011,1,0,0.100738164285714,0.00421311031746,0.005018315079365,0.000439786984127,0.000439786984127,0.000429230793651,0.038280502380952,2.1111111e-08,0.000464463650794
8050220,12_V3_012,14.29802945908614,50.08377581391232,1,242,563.15,0,0.0,1,0,1,-193162.45824330498,430434.28980223165,12_V3_012,1,0,0.100738164285714,0.00421311031746,0.005018315079365,0.000439786984127,0.000439786984127,0.000429230793651,0.038280502380952,2.1111111e-08,0.000464463650794
8050220,12_V3_013,14.299149053215887,50.08323151731309,1,255,563.15,0,0.0,1,0,1,-193084.51471578976,430370.94623411284,12_V3_013,1,0,0.100738164285714,0.00421311031746,0.005018315079365,0.000439786984127,0.000439786984127,0.000429230793651,0.038280502380952,2.1111111e-08,0.000464463650794
8050220,12_V3_014,14.300254780642684,50.082685969933934,1,268,563.15,0,0.0,1,0,1,-193007.56514210743,430307.49821866426,12_V3_014,1,0,0.100738164285714,0.00421311031746,0.005018315079365,0.000439786984127,0.000439786984127,0.000429230793651,0.038280502380952,2.1111111e-08,0.000464463650794
8050220,12_V3_015,14.30137432425505,50.08214165181291,1,281,563.15,0,0.0,1,0,1,-192929.62181353007,430244.15458512976,12_V3_015,1,0,0.100738164285714,0.00421311031746,0.005018315079365,0.000439786984127,0.000439786984127,0.000429230793651,0.038280502380952,2.1111111e-08,0.000464463650794
8050220,12_V3_016,14.30249384254557,50.08159732286497,1,294,563.15,0,0.0,1,0,1,-192851.6785846742,430180.8109184122,12_V3_016,1,0,0.100738164285714,0.00421311031746,0.005018315079365,0.000439786984127,0.000439786984127,0.000429230793651,0.038280502380952,2.1111111e-08,0.000464463650794
8050220,12_V3_017,14.303599494518977,50.08105174353592,1,308,563.15,0,0.0,1,0,1,-192774.72930799043,430117.3628071611,12_V3_017,1,0,0.100738164285714,0.00421311031746,0.005018315079365,0.000439786984127,0.000439786984127,0.000429230793651,0.038280502380952,2.1111111e-08,0.000464463650794
8050220,12_V3_018,14.304718962295247,50.08050739306866,1,321,563.15,0,0.0,1,0,1,-192696.78627799742,430054.01907503844,12_V3_018,1,0,0.100738164285714,0.00421311031746,0.005018315079365,0.000439786984127,0.000439786984127,0.000429230793651,0.038280502380952,2.1111111e-08,0.000464463650794
8050220,12_V3_019,14.305822638131906,50.079970698911445,1,334,563.15,0,0.0,1,0,1,-192619.94113474467,429991.5674756833,12_V3_019,1,0,0.100738164285714,0.00421311031746,0.005018315079365,0.000439786984127,0.000439786984127,0.000429230793651,0.038280502380952,2.1111111e-08,0.000464463650794
8050220,12_V3_020,14.306942055624779,50.079426326945864,1,347,563.15,0,0.0,1,0,1,-192541.99830269988,429928.2236776923,12_V3_020,1,0,0.100738164285714,0.00421311031746,0.005018315079365,0.000439786984127,0.000439786984127,0.000429230793651,0.038280502380952,2.1111111e-08,0.000464463650794
8050220,12_V3_021,14.308047607312977,50.07888070512955,1,360,563.15,0,0.0,1,0,1,-192465.04942062253,429864.7754388835,12_V3_021,1,0,0.100738164285714,0.00421311031746,0.005018315079365,0.000439786984127,0.000439786984127,0.000429230793651,0.038280502380952,2.1111111e-08,0.000464463650794
8050220,12_V3_022,14.30916697429579,50.078336311648,1,373,563.15,0,0.0,1,0,1,-192387.10678733818,429801.4315755065,12_V3_022,1,0,0.100738164285714,0.00421311031746,0.005018315079365,0.000439786984127,0.000439786984127,0.000429230793651,0.038280502380952,2.1111111e-08,0.000464463650794
8050220,12_V3_023,14.310272475731391,50.07779066858092,1,386,563.15,0,0.0,1,0,1,-192310.15810291754,429737.9832731646,12_V3_023,1,0,0.100738164285714,0.00421311031746,0.005018315079365,0.000439786984127,0.000439786984127,0.000429230793651,0.038280502380952,2.1111111e-08,0.000464463650794
8050220,12_V3_024,14.311391792206242,50.07724625358503,1,399,563.15,0,0.0,1,0,1,-192232.21566834333,429674.6393444087,12_V3_024,1,0,0.100738164285714,0.00421311031746,0.005018315079365,0.000439786984127,0.000439786984127,0.000429230793651,0.038280502380952,2.1111111e-08,0.000464463650794
8050220,12_V3_025,14.312497243391402,50.07670058926892,1,412,563.15,0,0.0,1,0,1,-192155.2671815253,429611.1909785514,12_V3_025,1,0,0.100738164285714,0.00421311031746,0.005018315079365,0.000439786984127,0.000439786984127,0.000429230793651,0.038280502380952,2.1111111e-08,0.000464463650794
8050220,12_V3_026,14.313616509360378,50.07615615276034,1,425,563.15,0,0.0,1,0,1,-192077.32494561156,429547.8469844229,12_V3_026,1,0,0.100738164285714,0.00421311031746,0.005018315079365,0.000439786984127,0.000439786984127,0.000429230793651,0.038280502380952,2.1111111e-08,0.000464463650794
8050220,12_V3_027,14.314735750013252,50.07561170542951,1,438,563.15,0,0.0,1,0,1,-191999.38280927957,429484.5029571431,12_V3_027,1,0,0.100738164285714,0.00421311031746,0.005018315079365,0.000439786984127,0.000439786984127,0.000429230793651,0.038280502380952,2.1111111e-08,0.000464463650794
8050220,12_V3_028,14.315841125762391,50.07506600917722,1,451,563.15,0,0.0,1,0,1,-191922.43461904282,429421.05449556466,12_V3_028,1,0,0.100738164285714,0.00421311031746,0.005018315079365,0.000439786984127,0.000439786984127,0.000429230793651,0.038280502380952,2.1111111e-08,0.000464463650794
8050220,12_V3_029,14.31696031591254,50.07452154033619,1,464,563.15,0,0.0,1,0,1,-191844.49268129477,429357.7104029265,12_V3_029,1,0,0.100738164285714,0.00421311031746,0.005018315079365,0.000439786984127,0.000439786984127,0.000429230793651,0.038280502380952,2.1111111e-08,0.000464463650794
8050220,12_V3_030,14.31806564141648,50.07397582283897,1,477,563.15,0,0.0,1,0,1,-191767.54468853702,429294.2618778489,12_V3_030,1,0,0.100738164285714,0.00421311031746,0.005018315079365,0.000439786984127,0.000439786984127,0.000429230793651,0.038280502380952,2.1111111e-08,0.000464463650794
8050220,12_V3_031,14.319182857917127,50.07344023914698,1,490,563.15,0,0.0,1,0,1,-191689.70687468557,429231.9142897318,12_V3_031,1,0,0.100738164285714,0.00421311031746,0.005018315079365,0.000439786984127,0.000439786984127,0.000429230793651,0.038280502380952,2.1111111e-08,0.000464463650794
8050220,12_V3_032,14.3202881334041,50.072894500425605,1,504,563.15,0,0.0,1,0,1,-191612.75907850315,429168.4657006968,12_V3_032,1,0,0.100738164285714,0.00421311031746,0.005018315079365,0.000439786984127,0.000439786984127,0.000429230793651,0.038280502380952,2.1111111e-08,0.000464463650794
8050220,12_V3_033,14.321407222783742,50.072349988588726,1,517,563.15,0,0.0,1,0,1,-191534.81753690593,429105.12147692166,12_V3_033,1,0,0.100738164285714,0.00421311031746,0.005018315079365,0.000439786984127,0.000439786984127,0.000429230793651,0.038280502380952,2.1111111e-08,0.000464463650794
8050220,12_V3_034,14.322512448029727,50.07180422862572,1,530,563.15,0,0.0,1,0,1,-191457.86993810112,429041.6728244066,12_V3_034,1,0,0.100738164285714,0.00421311031746,0.005018315079365,0.000439786984127,0.000439786984127,0.000429230793651,0.038280502380952,2.1111111e-08,0.000464463650794
8050220,12_V3_035,14.323631486912928,50.071259695283686,1,543,563.15,0,0.0,1,0,1,-191379.92859493548,428978.32853530557,12_V3_035,1,0,0.100738164285714,0.00421311031746,0.005018315079365,0.000439786984127,0.000439786984127,0.000429230793651,0.038280502380952,2.1111111e-08,0.000464463650794
8050220,12_V3_036,14.324750500484729,50.07071515112321,1,556,563.15,0,0.0,1,0,1,-191301.98735123704,428914.9842130809,12_V3_036,1,0,0.100738164285714,0.00421311031746,0.005018315079365,0.000439786984127,0.000439786984127,0.000429230793651,0.038280502380952,2.1111111e-08,0.000464463650794
8050220,12_V3_037,14.32585565030889,50.07016935923522,1,569,563.15,0,0.0,1,0,1,-191225.04004867357,428851.5354649069,12_V3_037,1,0,0.100738164285714,0.00421311031746,0.005018315079365,0.000439786984127,0.000439786984127,0.000429230793651,0.038280502380952,2.1111111e-08,0.000464463650794
8050220,12_V3_038,14.326974613387415,50.06962479357211,1,582,563.15,0,0.0,1,0,1,-191147.09900332912,428788.1910773712,12_V3_038,1,0,0.100738164285714,0.00421311031746,0.005018315079365,0.000439786984127,0.000439786984127,0.000429230793651,0.038280502380952,2.1111111e-08,0.000464463650794
8050220,12_V3_039,14.328079712975846,50.069078980446676,1,595,563.15,0,0.0,1,0,1,-191070.15189801838,428724.74226574466,12_V3_039,1,0,0.100738164285714,0.00421311031746,0.005018315079365,0.000439786984127,0.000439786984127,0.000429230793651,0.038280502380952,2.1111111e-08,0.000464463650794
8050220,12_V3_040,14.329198625563176,50.068534393282576,1,608,563.15,0,0.0,1,0,1,-190992.2110509789,428661.3978129064,12_V3_040,1,0,0.100738164285714,0.00421311031746,0.005018315079365,0.000439786984127,0.000439786984127,0.000429230793651,0.038280502380952,2.1111111e-08,0.000464463650794
8050220,12_V3_041,14.33030367491802,50.067988558921314,1,621,563.15,0,0.0,1,0,1,-190915.264142868,428597.9489378331,12_V3_041,1,0,0.100738164285714,0.00421311031746,0.005018315079365,0.000439786984127,0.000439786984127,0.000429230793651,0.038280502380952,2.1111111e-08,0.000464463650794
8050220,12_V3_042,14.331420616368439,50.067452857127314,1,634,563.15,0,0.0,1,0,1,-190837.42741001528,428535.6009844537,12_V3_042,1,0,0.100738164285714,0.00421311031746,0.005018315079365,0.000439786984127,0.000439786984127,0.000429230793651,0.038280502380952,2.1111111e-08,0.000464463650794
8050220,12_V3_043,14.3325256157178,50.066907001551044,1,647,563.15,0,0.0,1,0,1,-190760.48069820306,428472.1520454802,12_V3_043,1,0,0.100738164285714,0.00421311031746,0.005018315079365,0.000439786984127,0.000439786984127,0.000429230793651,0.038280502380952,2.1111111e-08,0.000464463650794
8050220,12_V3_044,14.333644427557537,50.06636237140938,1,660,563.15,0,0.0,1,0,1,-190682.5402467604,428408.80746160616,12_V3_044,1,0,0.100738164285714,0.00421311031746,0.005018315079365,0.000439786984127,0.000439786984127,0.000429230793651,0.038280502380952,2.1111111e-08,0.000464463650794
8050220,12_V3_045,14.33476321409058,50.06581773045305,1,673,563.15,0,0.0,1,0,1,-190604.59989467013,428345.46284463035,12_V3_045,1,0,0.100738164285714,0.00421311031746,0.005018315079365,0.000439786984127,0.000439786984127,0.000429230793651,0.038280502380952,2.1111111e-08,0.000464463650794
8050220,12_V3_046,14.335868138032316,50.065271842962986,1,686,563.15,0,0.0,1,0,1,-190527.65347875966,428282.0138100602,12_V3_046,1,0,0.100738164285714,0.00421311031746,0.005018315079365,0.000439786984127,0.000439786984127,0.000429230793651,0.038280502380952,2.1111111e-08,0.000464463650794
8050220,12_V3_047,14.336986874081484,50.06472718051152,1,699,563.15,0,0.0,1,0,1,-190449.71332479757,428218.6691278172,12_V3_047,1,0,0.100738164285714,0.00421311031746,0.005018315079365,0.000439786984127,0.000439786984127,0.000429230793651,0.038280502380952,2.1111111e-08,0.000464463650794
8050220,12_V3_048,14.33809174779698,50.06418127179146,1,713,563.15,0,0.0,1,0,1,-190372.76710591215,428155.2200298356,12_V3_048,1,0,0.100738164285714,0.00421311031746,0.005018315079365,0.000439786984127,0.000439786984127,0.000429230793651,0.038280502380952,2.1111111e-08,0.000464463650794
8050220,12_V3_049,14.339210433364393,50.06363658784657,1,726,563.15,0,0.0,1,0,1,-190294.82715002607,428091.8752823381,12_V3_049,1,0,0.100738164285714,0.00421311031746,0.005018315079365,0.000439786984127,0.000439786984127,0.000429230793651,0.038280502380952,2.1111111e-08,0.000464463650794
8050220,12_V3_050,14.340315256855767,50.063090657898165,1,739,563.15,0,0.0,1,0,1,-190217.8811281151,428028.4261209557,12_V3_050,1,0,0.100738164285714,0.00421311031746,0.005018315079365,0.000439786984127,0.000439786984127,0.000429230793651,0.038280502380952,2.1111111e-08,0.000464463650794
8050220,12_V3_051,14.341433891943511,50.062545952461505,1,752,563.15,0,0.0,1,0,1,-190139.94137025537,427965.0813082122,12_V3_051,1,0,0.100738164285714,0.00421311031746,0.005018315079365,0.000439786984127,0.000439786984127,0.000429230793651,0.038280502380952,2.1111111e-08,0.000464463650794
8050220,12_V3_052,14.34253866521288,50.06200000128638,1,765,563.15,0,0.0,1,0,1,-190062.99554526812,427901.63208343316,12_V3_052,1,0,0.100738164285714,0.00421311031746,0.005018315079365,0.000439786984127,0.000439786984127,0.000429230793651,0.038280502380952,2.1111111e-08,0.000464463650794
8050220,12_V3_053,14.34365724982304,50.0614552743596,1,778,563.15,0,0.0,1,0,1,-189985.0559853854,427838.2872054522,12_V3_053,1,0,0.100738164285714,0.00421311031746,0.005018315079365,0.000439786984127,0.000439786984127,0.000429230793651,0.038280502380952,2.1111111e-08,0.000464463650794
8050220,12_V3_054,14.344773891211673,50.0609194437222,1,791,563.15,0,0.0,1,0,1,-189907.22043039196,427775.93885357084,12_V3_054,1,0,0.100738164285714,0.00421311031746,0.005018315079365,0.000439786984127,0.000439786984127,0.000429230793651,0.038280502380952,2.1111111e-08,0.000464463650794
8050220,12_V3_055,14.345878589313536,50.06037346066362,1,804,563.15,0,0.0,1,0,1,-189830.2749001153,427712.48953279696,12_V3_055,1,0,0.100738164285714,0.00421311031746,0.005018315079365,0.000439786984127,0.000439786984127,0.000429230793651,0.038280502380952,2.1111111e-08,0.000464463650794
8050220,12_V3_056,14.346997098375695,50.05982870145767,1,817,563.15,0,0.0,1,0,1,-189752.33563650894,427649.1445560503,12_V3_056,1,0,0.100738164285714,0.00421311031746,0.005018315079365,0.000439786984127,0.000439786984127,0.000429230793651,0.038280502380952,2.1111111e-08,0.000464463650794
8050220,12_V3_057,14.348101746260783,50.05928269717649,1,830,563.15,0,0.0,1,0,1,-189675.39030303236,427585.6951719024,12_V3_057,1,0,0.100738164285714,0.00421311031746,0.005018315079365,0.000439786984127,0.000439786984127,0.000429230793651,0.038280502380952,2.1111111e-08,0.000464463650794
8050220,12_V3_058,14.349220204850594,50.0587379164846,1,843,563.15,0,0.0,1,0,1,-189597.45123727585,427522.35012994305,12_V3_058,1,0,0.100738164285714,0.00421311031746,0.005018315079365,0.000439786984127,0.000439786984127,0.000429230793651,0.038280502380952,2.1111111e-08,0.000464463650794
8050220,12_V3_059,14.350324802521044,50.05819189098256,1,856,563.15,0,0.0,1,0,1,-189520.50610054683,427458.9006824374,12_V3_059,1,0,0.100738164285714,0.00421311031746,0.005018315079365,0.000439786984127,0.000439786984127,0.000429230793651,0.038280502380952,2.1111111e-08,0.000464463650794
8050220,12_V3_060,14.351443210640603,50.057647088806426,1,869,563.15,0,0.0,1,0,1,-189442.56723259005,427395.55557527806,12_V3_060,1,0,0.100738164285714,0.00421311031746,0.005018315079365,0.000439786984127,0.000439786984127,0.000429230793651,0.038280502380952,2.1111111e-08,0.000464463650794
8050220,12_V3_061,14.352547758098522,50.05710104208513,1,882,563.15,0,0.0,1,0,1,-189365.6222925587,427332.1060644204,12_V3_061,1,0,0.100738164285714,0.00421311031746,0.005018315079365,0.000439786984127,0.000439786984127,0.000429230793651,0.038280502380952,2.1111111e-08,0.000464463650794
8050220,12_V3_062,14.353666115749942,50.05655621842639,1,895,563.15,0,0.0,1,0,1,-189287.6836223502,427268.7608920653,12_V3_062,1,0,0.100738164285714,0.00421311031746,0.005018315079365,0.000439786984127,0.000439786984127,0.000429230793651,0.038280502380952,2.1111111e-08,0.000464463650794
8050220,12_V3_063,14.354770612997424,50.0560101504875,1,908,563.15,0,0.0,1,0,1,-189210.7388789675,427205.31131786545,12_V3_063,1,0,0.100738164285714,0.00421311031746,0.005018315079365,0.000439786984127,0.000439786984127,0.000429230793651,0.038280502380952,2.1111111e-08,0.000464463650794
8050220,30_V2_001,14.25794586539384,50.10323946216879,1,6,563.15,0,0.0,1,0,1,-195951.92008865447,432700.2573505282,30_V2_001,1,0,0.154547662307692,0.003464385384615,0.006036143076923,0.000581928461538,0.000581928461538,0.00056796,0.058728111538461,3.0769231e-08,0.000515796153846
8050220,30_V2_002,14.256779928720059,50.103797435950504,1,13,563.15,0,0.0,1,0,1,-196033.0568661866,432765.2795361753,30_V2_002,1,0,0.154547662307692,0.003464385384615,0.006036143076923,0.000581928461538,0.000581928461538,0.00056796,0.058728111538461,3.0769231e-08,0.000515796153846
8050220,30_V2_003,14.255615901138842,50.10434649244049,1,20,563.15,0,0.0,1,0,1,-196114.0897762651,432829.3050883214,30_V2_003,1,0,0.154547662307692,0.003464385384615,0.006036143076923,0.000581928461538,0.000581928461538,0.00056796,0.058728111538461,3.0769231e-08,0.000515796153846
8050220,30_V2_004,14.254451846980311,50.10489553723185,1,27,563.15,0,0.0,1,0,1,-196195.12279162466,432893.33060239186,30_V2_004,1,0,0.154547662307692,0.003464385384615,0.006036143076923,0.000581928461538,0.000581928461538,0.00056796,0.058728111538461,3.0769231e-08,0.000515796153846
8050220,30_V2_005,14.253285829624032,50.1054534758366,1,34,563.15,0,0.0,1,0,1,-196276.25988860233,432958.3526757139,30_V2_005,1,0,0.154547662307692,0.003464385384615,0.006036143076923,0.000581928461538,0.000581928461538,0.00056796,0.058728111538461,3.0769231e-08,0.000515796153846
8050220,30_V2_006,14.252121722071822,50.10600249720905,1,41,563.15,0,0.0,1,0,1,-196357.29311546465,433022.37811410206,30_V2_006,1,0,0.154547662307692,0.003464385384615,0.006036143076923,0.000581928461538,0.000581928461538,0.00056796,0.058728111538461,3.0769231e-08,0.000515796153846
8050220,30_V2_007,14.250955650845071,50.10656041235337,1,48,563.15,0,0.0,1,0,1,-196438.43042577873,433087.4001126781,30_V2_007,1,0,0.154547662307692,0.003464385384615,0.006036143076923,0.000581928461538,0.000581928461538,0.00056796,0.058728111538461,3.0769231e-08,0.000515796153846
8050220,30_V2_008,14.24979148989703,50.10710941030502,1,54,563.15,0,0.0,1,0,1,-196519.4638642003,433151.4254753642,30_V2_008,1,0,0.154547662307692,0.003464385384615,0.006036143076923,0.000581928461538,0.000581928461538,0.00056796,0.058728111538461,3.0769231e-08,0.000515796153846
8050220,30_V2_009,14.248627302369057,50.10765839655574,1,61,563.15,0,0.0,1,0,1,-196600.49740797,433215.4507999619,30_V2_009,1,0,0.154547662307692,0.003464385384615,0.006036143076923,0.000581928461538,0.000581928461538,0.00056796,0.058728111538461,3.0769231e-08,0.000515796153846
8050220,30_V2_010,14.247461150451626,50.10821627651611,1,68,563.15,0,0.0,1,0,1,-196681.635037942,433280.4726861627,30_V2_010,1,0,0.154547662307692,0.003464385384615,0.006036143076923,0.000581928461538,0.000581928461538,0.00056796,0.058728111538461,3.0769231e-08,0.000515796153846
8050220,30_V2_011,14.246296909524617,50.10876523934327,1,75,563.15,0,0.0,1,0,1,-196762.66879335474,433344.4979350386,30_V2_011,1,0,0.154547662307692,0.003464385384615,0.006036143076923,0.000581928461538,0.000581928461538,0.00056796,0.058728111538461,3.0769231e-08,0.000515796153846
8050220,30_V2_012,14.245130703731276,50.10932309583854,1,82,563.15,0,0.0,1,0,1,-196843.8066368021,433409.51974646794,30_V2_012,1,0,0.154547662307692,0.003464385384615,0.006036143076923,0.000581928461538,0.000581928461538,0.00056796,0.058728111538461,3.0769231e-08,0.000515796153846
8050220,30_V2_013,14.243966409403082,50.10987203524023,1,89,563.15,0,0.0,1,0,1,-196924.840603914,433473.5449196063,30_V2_013,1,0,0.154547662307692,0.003464385384615,0.006036143076923,0.000581928461538,0.000581928461538,0.00056796,0.058728111538461,3.0769231e-08,0.000515796153846
8050220,30_V3_001,14.242829784262893,50.11042345650041,1,99,563.15,0,0.0,1,0,1,-197003.88691306475,433537.7789789269,30_V3_001,1,0,0.06379018984127,0.002667855714286,0.003177733809524,0.000278481904762,0.000278481904762,0.000271797301587,0.024240272222222,1.3333333e-08,0.000294010952381
8050220,30_V3_002,14.241710859039813,50.11095830289589,1,112,563.15,0,0.0,1,0,1,-197081.7314726071,433600.1242629152,30_V3_002,1,0,0.06379018984127,0.002667855714286,0.003177733809524,0.000278481904762,0.000278481904762,0.000271797301587,0.024240272222222,1.3333333e-08,0.000294010952381
8050220,30_V3_003,14.240589969712344,50.11150204377242,1,125,563.15,0,0.0,1,0,1,-197159.68011697967,433663.4661151862,30_V3_003,1,0,0.06379018984127,0.002667855714286,0.003177733809524,0.000278481904762,0.000278481904762,0.000271797301587,0.024240272222222,1.3333333e-08,0.000294010952381
8050220,30_V3_004,14.2394690550349,50.11204577379922,1,138,563.15,0,0.0,1,0,1,-197237.62886176666,433726.8079341383,30_V3_004,1,0,0.06379018984127,0.002667855714286,0.003177733809524,0.000278481904762,0.000278481904762,0.000271797301587,0.024240272222222,1.3333333e-08,0.000294010952381
8050220,30_V3_005,14.238348115006971,50.11258949297589,1,151,563.15,0,0.0,1,0,1,-197315.57770698014,433790.1497197708,30_V3_005,1,0,0.06379018984127,0.002667855714286,0.003177733809524,0.000278481904762,0.000278481904762,0.000271797301587,0.024240272222222,1.3333333e-08,0.000294010952381
8050220,30_V3_006,14.23722908952903,50.11312429606936,1,164,563.15,0,0.0,1,0,1,-197393.4226638554,433852.49486813496,30_V3_006,1,0,0.06379018984127,0.002667855714286,0.003177733809524,0.000278481904762,0.000278481904762,0.000271797301587,0.024240272222222,1.3333333e-08,0.000294010952381
8050220,30_V3_007,14.236121947675393,50.11366924114148,1,177,563.15,0,0.0,1,0,1,-197470.3778241542,433915.94105440006,30_V3_007,1,0,0.06379018984127,0.002667855714286,0.003177733809524,0.000278481904762,0.000278481904762,0.000271797301587,0.024240272222222,1.3333333e-08,0.000294010952381
8050220,30_V3_008,14.235000931949905,50.114212927918,1,190,563.15,0,0.0,1,0,1,-197548.3269693125,433979.2827405186,30_V3_008,1,0,0.06379018984127,0.002667855714286,0.003177733809524,0.000278481904762,0.000278481904762,0.000271797301587,0.024240272222222,1.3333333e-08,0.000294010952381
8050220,30_V3_009,14.233881831457843,50.11474769866853,1,203,563.15,0,0.0,1,0,1,-197626.17222356828,434041.6277879622,30_V3_009,1,0,0.06379018984127,0.002667855714286,0.003177733809524,0.000278481904762,0.000278481904762,0.000271797301587,0.024240272222222,1.3333333e-08,0.000294010952381
8050220,30_V3_010,14.23276076525612,50.11529136376054,1,216,563.15,0,0.0,1,0,1,-197704.121568824,434104.96940694447,30_V3_010,1,0,0.06379018984127,0.002667855714286,0.003177733809524,0.000278481904762,0.000278481904762,0.000271797301587,0.024240272222222,1.3333333e-08,0.000294010952381
8050220,30_V3_011,14.231639673700778,50.115835017999885,1,229,563.15,0,0.0,1,0,1,-197782.0710145843,434168.31099259085,30_V3_011,1,0,0.06379018984127,0.002667855714286,0.003177733809524,0.000278481904762,0.000278481904762,0.000271797301587,0.024240272222222,1.3333333e-08,0.000294010952381
8050220,30_V3_012,14.23052049806488,50.11636975627064,1,242,563.15,0,0.0,1,0,1,-197859.91656686942,434230.6559381478,30_V3_012,1,0,0.06379018984127,0.002667855714286,0.003177733809524,0.000278481904762,0.000278481904762,0.000271797301587,0.024240272222222,1.3333333e-08,0.000294010952381
8050220,30_V3_013,14.229413205439354,50.11691463719792,1,255,563.15,0,0.0,1,0,1,-197936.87232462034,434294.1019300151,30_V3_013,1,0,0.06379018984127,0.002667855714286,0.003177733809524,0.000278481904762,0.000278481904762,0.000271797301587,0.024240272222222,1.3333333e-08,0.000294010952381
8050220,30_V3_014,14.228292038177175,50.11745825902955,1,268,563.15,0,0.0,1,0,1,-198014.82207055384,434357.4434160988,30_V3_014,1,0,0.06379018984127,0.002667855714286,0.003177733809524,0.000278481904762,0.000278481904762,0.000271797301587,0.024240272222222,1.3333333e-08,0.000294010952381
8050220,30_V3_015,14.227170845559312,50.118001870006836,1,281,563.15,0,0.0,1,0,1,-198092.77191704238,434420.78486883664,30_V3_015,1,0,0.06379018984127,0.002667855714286,0.003177733809524,0.000278481904762,0.000278481904762,0.000271797301587,0.024240272222222,1.3333333e-08,0.000294010952381
8050220,30_V3_016,14.226051569773448,50.11853656509192,1,294,563.15,0,0.0,1,0,1,-198170.61786663218,434483.12967959896,30_V3_016,1,0,0.06379018984127,0.002667855714286,0.003177733809524,0.000278481904762,0.000278481904762,0.000271797301587,0.024240272222222,1.3333333e-08,0.000294010952381
8050220,30_V3_017,14.224930326672128,50.11908015437884,1,308,563.15,0,0.0,1,0,1,-198248.56791339826,434546.4710651666,30_V3_017,1,0,0.06379018984127,0.002667855714286,0.003177733809524,0.000278481904762,0.000278481904762,0.000271797301587,0.024240272222222,1.3333333e-08,0.000294010952381
8050220,30_V3_018,14.22380905821356,50.11962373281003,1,321,563.15,0,0.0,1,0,1,-198326.51806075906,434609.8124173644,30_V3_018,1,0,0.06379018984127,0.002667855714286,0.003177733809524,0.000278481904762,0.000278481904762,0.000271797301587,0.024240272222222,1.3333333e-08,0.000294010952381
8050220,30_V3_019,14.22270355744395,50.12015964457926,1,334,563.15,0,0.0,1,0,1,-198403.3704172106,434672.2616051907,30_V3_019,1,0,0.06379018984127,0.002667855714286,0.003177733809524,0.000278481904762,0.000278481904762,0.000271797301587,0.024240272222222,1.3333333e-08,0.000294010952381
8050220,30_V3_020,14.221582238626507,50.12070320145088,1,347,563.15,0,0.0,1,0,1,-198481.32076437894,434735.6028911461,30_V3_020,1,0,0.06379018984127,0.002667855714286,0.003177733809524,0.000278481904762,0.000278481904762,0.000271797301587,0.024240272222222,1.3333333e-08,0.000294010952381
8050220,30_V3_021,14.220460894450246,50.12124674746562,1,360,563.15,0,0.0,1,0,1,-198559.27121218067,434798.94414373586,30_V3_021,1,0,0.06379018984127,0.002667855714286,0.003177733809524,0.000278481904762,0.000278481904762,0.000271797301587,0.024240272222222,1.3333333e-08,0.000294010952381
8050220,30_V3_022,14.219339524914673,50.12179028262304,1,373,563.15,0,0.0,1,0,1,-198637.22176062668,434862.28536296013,30_V3_022,1,0,0.06379018984127,0.002667855714286,0.003177733809524,0.000278481904762,0.000278481904762,0.000271797301587,0.024240272222222,1.3333333e-08,0.000294010952381
8050220,30_V3_023,14.21822007381015,50.12232490202219,1,386,563.15,0,0.0,1,0,1,-198715.06840617454,434924.62993690616,30_V3_023,1,0,0.06379018984127,0.002667855714286,0.003177733809524,0.000278481904762,0.000278481904762,0.000271797301587,0.024240272222222,1.3333333e-08,0.000294010952381
8050220,30_V3_024,14.217098653783914,50.12286841548332,1,399,563.15,0,0.0,1,0,1,-198793.0191550778,434987.97108891624,30_V3_024,1,0,0.06379018984127,0.002667855714286,0.003177733809524,0.000278481904762,0.000278481904762,0.000271797301587,0.024240272222222,1.3333333e-08,0.000294010952381
8050220,30_V3_025,14.21599105933153,50.12341316805659,1,412,563.15,0,0.0,1,0,1,-198869.97610996585,435051.4166921939,30_V3_025,1,0,0.06379018984127,0.002667855714286,0.003177733809524,0.000278481904762,0.000278481904762,0.000271797301587,0.024240272222222,1.3333333e-08,0.000294010952381
8050220,30_V3_026,14.214871533187036,50.123947755091464,1,425,563.15,0,0.0,1,0,1,-198947.8230535406,435113.76116507506,30_V3_026,1,0,0.06379018984127,0.002667855714286,0.003177733809524,0.000278481904762,0.000278481904762,0.000271797301587,0.024240272222222,1.3333333e-08,0.000294010952381
8050220,30_V3_027,14.213750037433798,50.12449123612851,1,438,563.15,0,0.0,1,0,1,-199025.77410311613,435177.1022174206,30_V3_027,1,0,0.06379018984127,0.002667855714286,0.003177733809524,0.000278481904762,0.000278481904762,0.000271797301587,0.024240272222222,1.3333333e-08,0.000294010952381
8050220,30_V3_028,14.212628516318132,50.12503470630572,1,451,563.15,0,0.0,1,0,1,-199103.7252534131,435240.443236385,30_V3_028,1,0,0.06379018984127,0.002667855714286,0.003177733809524,0.000278481904762,0.000278481904762,0.000271797301587,0.024240272222222,1.3333333e-08,0.000294010952381
8050220,30_V3_029,14.211508915004007,50.1255692608395,1,464,563.15,0,0.0,1,0,1,-199181.57249566435,435302.78760724235,30_V3_029,1,0,0.06379018984127,0.002667855714286,0.003177733809524,0.000278481904762,0.000278481904762,0.000271797301587,0.024240272222222,1.3333333e-08,0.000294010952381
8050220,30_V3_030,14.210387343391526,50.12611270931535,1,477,563.15,0,0.0,1,0,1,-199259.52384657125,435366.1285589587,30_V3_030,1,0,0.06379018984127,0.002667855714286,0.003177733809524,0.000278481904762,0.000278481904762,0.000271797301587,0.024240272222222,1.3333333e-08,0.000294010952381
8050220,30_V3_031,14.209265746415044,50.126656146930095,1,490,563.15,0,0.0,1,0,1,-199337.47529823947,435429.4694772833,30_V3_031,1,0,0.06379018984127,0.002667855714286,0.003177733809524,0.000278481904762,0.000278481904762,0.000271797301587,0.024240272222222,1.3333333e-08,0.000294010952381
8050220,30_V3_032,14.20815797589774,50.12720082458527,1,504,563.15,0,0.0,1,0,1,-199414.43295218184,435492.9148534313,30_V3_032,1,0,0.06379018984127,0.002667855714286,0.003177733809524,0.000278481904762,0.000278481904762,0.000271797301587,0.024240272222222,1.3333333e-08,0.000294010952381
8050220,30_V3_033,14.207038274399144,50.12773533590501,1,517,563.15,0,0.0,1,0,1,-199492.280592601,435555.2590893129,30_V3_033,1,0,0.06379018984127,0.002667855714286,0.003177733809524,0.000278481904762,0.000278481904762,0.000271797301587,0.024240272222222,1.3333333e-08,0.000294010952381
8050220,30_V3_034,14.205916601684807,50.128278741086845,1,530,563.15,0,0.0,1,0,1,-199570.2323452099,435618.5999079157,30_V3_034,1,0,0.06379018984127,0.002667855714286,0.003177733809524,0.000278481904762,0.000278481904762,0.000271797301587,0.024240272222222,1.3333333e-08,0.000294010952381
8050220,30_V3_035,14.204794903604409,50.12882213540587,1,543,563.15,0,0.0,1,0,1,-199648.18419863028,435681.94069311966,30_V3_035,1,0,0.06379018984127,0.002667855714286,0.003177733809524,0.000278481904762,0.000278481904762,0.000271797301587,0.024240272222222,1.3333333e-08,0.000294010952381
8050220,30_V3_036,14.203675126925559,50.129356614215624,1,556,563.15,0,0.0,1,0,1,-199726.03213799346,435744.2848269082,30_V3_036,1,0,0.06379018984127,0.002667855714286,0.003177733809524,0.000278481904762,0.000278481904762,0.000271797301587,0.024240272222222,1.3333333e-08,0.000294010952381
8050220,30_V3_037,14.20255337834113,50.12989998682741,1,569,563.15,0,0.0,1,0,1,-199803.98419220388,435807.62554482586,30_V3_037,1,0,0.06379018984127,0.002667855714286,0.003177733809524,0.000278481904762,0.000278481904762,0.000271797301587,0.024240272222222,1.3333333e-08,0.000294010952381
8050220,30_V3_038,14.20144545697401,50.130444600275204,1,582,563.15,0,0.0,1,0,1,-199880.94244550713,435871.07072619424,30_V3_038,1,0,0.06379018984127,0.002667855714286,0.003177733809524,0.000278481904762,0.000278481904762,0.000271797301587,0.024240272222222,1.3333333e-08,0.000294010952381
8050220,30_V3_039,14.200325605235417,50.130979046704475,1,595,563.15,0,0.0,1,0,1,-199958.7906833931,435933.4147588182,30_V3_039,1,0,0.06379018984127,0.002667855714286,0.003177733809524,0.000278481904762,0.000278481904762,0.000271797301587,0.024240272222222,1.3333333e-08,0.000294010952381
8050220,30_V3_040,14.199203780903852,50.13152238687577,1,608,563.15,0,0.0,1,0,1,-200036.74303877362,435996.7553769645,30_V3_040,1,0,0.06379018984127,0.002667855714286,0.003177733809524,0.000278481904762,0.000278481904762,0.000271797301587,0.024240272222222,1.3333333e-08,0.000294010952381
8050220,30_V3_041,14.198081931203093,50.13206571618176,1,621,563.15,0,0.0,1,0,1,-200114.695495044,436060.09596169647,30_V3_041,1,0,0.06379018984127,0.002667855714286,0.003177733809524,0.000278481904762,0.000278481904762,0.000271797301587,0.024240272222222,1.3333333e-08,0.000294010952381
8050220,30_V3_042,14.196960056132614,50.132609034622014,1,634,563.15,0,0.0,1,0,1,-200192.64805221758,436123.43651300773,30_V3_042,1,0,0.06379018984127,0.002667855714286,0.003177733809524,0.000278481904762,0.000278481904762,0.000271797301587,0.024240272222222,1.3333333e-08,0.000294010952381
8050220,30_V3_043,14.195840104064215,50.13314343768727,1,647,563.15,0,0.0,1,0,1,-200270.49668931562,436185.7804095966,30_V3_043,1,0,0.06379018984127,0.002667855714286,0.003177733809524,0.000278481904762,0.000278481904762,0.000271797301587,0.024240272222222,1.3333333e-08,0.000294010952381
8050220,30_V3_044,14.194732031828595,50.13368798691259,1,660,563.15,0,0.0,1,0,1,-200347.45554243878,436249.22539608495,30_V3_044,1,0,0.06379018984127,0.002667855714286,0.003177733809524,0.000278481904762,0.000278481904762,0.000271797301587,0.024240272222222,1.3333333e-08,0.000294010952381
8050220,30_V3_045,14.193610081003216,50.13423127290604,1,673,563.15,0,0.0,1,0,1,-200425.40840097424,436312.5658475845,30_V3_045,1,0,0.06379018984127,0.002667855714286,0.003177733809524,0.000278481904762,0.000278481904762,0.000271797301587,0.024240272222222,1.3333333e-08,0.000294010952381
8050220,30_V3_046,14.192490053864434,50.13476564358198,1,686,563.15,0,0.0,1,0,1,-200503.25733686195,436374.9096429459,30_V3_046,1,0,0.06379018984127,0.002667855714286,0.003177733809524,0.000278481904762,0.000278481904762,0.000271797301587,0.024240272222222,1.3333333e-08,0.000294010952381
8050220,30_V3_047,14.191368052524737,50.13530890785977,1,699,563.15,0,0.0,1,0,1,-200581.21039644416,436438.2500271083,30_V3_047,1,0,0.06379018984127,0.002667855714286,0.003177733809524,0.000278481904762,0.000278481904762,0.000271797301587,0.024240272222222,1.3333333e-08,0.000294010952381
8050220,30_V3_048,14.190246025812215,50.135852161269256,1,713,563.15,0,0.0,1,0,1,-200659.16355700608,436501.59037783224,30_V3_048,1,0,0.06379018984127,0.002667855714286,0.003177733809524,0.000278481904762,0.000278481904762,0.000271797301587,0.024240272222222,1.3333333e-08,0.000294010952381
8050220,30_V3_049,14.189123973726348,50.13639540381002,1,726,563.15,0,0.0,1,0,1,-200737.1168185605,436564.9306951157,30_V3_049,1,0,0.06379018984127,0.002667855714286,0.003177733809524,0.000278481904762,0.000278481904762,0.000271797301587,0.024240272222222,1.3333333e-08,0.000294010952381
8050220,30_V3_050,14.188017700350674,50.136930984406824,1,739,563.15,0,0.0,1,0,1,-200813.97224573488,436627.3788625171,30_V3_050,1,0,0.06379018984127,0.002667855714286,0.003177733809524,0.000278481904762,0.000278481904762,0.000271797301587,0.024240272222222,1.3333333e-08,0.000294010952381
8050220,30_V3_051,14.186895597873947,50.137474205361976,1,752,563.15,0,0.0,1,0,1,-200891.9257078898,436690.71911338484,30_V3_051,1,0,0.06379018984127,0.002667855714286,0.003177733809524,0.000278481904762,0.000278481904762,0.000271797301587,0.024240272222222,1.3333333e-08,0.000294010952381
8050220,30_V3_052,14.185773470022303,50.13801741544714,1,765,563.15,0,0.0,1,0,1,-200969.8792710771,436754.0593308029,30_V3_052,1,0,0.06379018984127,0.002667855714286,0.003177733809524,0.000278481904762,0.000278481904762,0.000271797301587,0.024240272222222,1.3333333e-08,0.000294010952381
8050220,30_V3_053,14.184653267458504,50.13855171034926,1,778,563.15,0,0.0,1,0,1,-201047.7289055909,436816.4028887659,30_V3_053,1,0,0.06379018984127,0.002667855714286,0.003177733809524,0.000278481904762,0.000278481904762,0.000271797301587,0.024240272222222,1.3333333e-08,0.000294010952381
8050220,30_V3_054,14.183531089085347,50.13909489871286,1,791,563.15,0,0.0,1,0,1,-201125.68267000417,436879.7430388072,30_V3_054,1,0,0.06379018984127,0.002667855714286,0.003177733809524,0.000278481904762,0.000278481904762,0.000271797301587,0.024240272222222,1.3333333e-08,0.000294010952381
8050220,30_V3_055,14.182408885335752,50.13963807620523,1,804,563.15,0,0.0,1,0,1,-201203.63653548562,436943.083155393,30_V3_055,1,0,0.06379018984127,0.002667855714286,0.003177733809524,0.000278481904762,0.000278481904762,0.000271797301587,0.024240272222222,1.3333333e-08,0.000294010952381
8050220,30_V3_056,14.1813024624294,50.14017359266727,1,817,563.15,0,0.0,1,0,1,-201280.4925581579,437005.5311249016,30_V3_056,1,0,0.06379018984127,0.002667855714286,0.003177733809524,0.000278481904762,0.000278481904762,0.000271797301587,0.024240272222222,1.3333333e-08,0.000294010952381
8050220,30_V3_057,14.180180208282748,50.140716748568956,1,830,563.15,0,0.0,1,0,1,-201358.44662439486,437068.8711750357,30_V3_057,1,0,0.06379018984127,0.002667855714286,0.003177733809524,0.000278481904762,0.000278481904762,0.000271797301587,0.024240272222222,1.3333333e-08,0.000294010952381
8050220,30_V3_058,14.17905792875807,50.14125989359811,1,843,563.15,0,0.0,1,0,1,-201436.40079174066,437132.21119170455,30_V3_058,1,0,0.06379018984127,0.002667855714286,0.003177733809524,0.000278481904762,0.000278481904762,0.000271797301587,0.024240272222222,1.3333333e-08,0.000294010952381
8050220,30_V3_059,14.177935623854838,50.14180302775432,1,856,563.15,0,0.0,1,0,1,-201514.3550602092,437195.55117490666,30_V3_059,1,0,0.06379018984127,0.002667855714286,0.003177733809524,0.000278481904762,0.000278481904762,0.000271797301587,0.024240272222222,1.3333333e-08,0.000294010952381
8050220,30_V3_060,14.176815245841208,50.1423372468621,1,869,563.15,0,0.0,1,0,1,-201592.20539397272,437257.8944953334,30_V3_060,1,0,0.06379018984127,0.002667855714286,0.003177733809524,0.000278481904762,0.000278481904762,0.000271797301587,0.024240272222222,1.3333333e-08,0.000294010952381
8050220,30_V3_061,14.175692890409282,50.14288035929085,1,882,563.15,0,0.0,1,0,1,-201670.15986384585,437321.2344111206,30_V3_061,1,0,0.06379018984127,0.002667855714286,0.003177733809524,0.000278481904762,0.000278481904762,0.000271797301587,0.024240272222222,1.3333333e-08,0.000294010952381
8050220,30_V3_062,14.174584365228641,50.14342471573914,1,895,563.15,0,0.0,1,0,1,-201747.12052005046,437384.67881288665,30_V3_062,1,0,0.06379018984127,0.002667855714286,0.003177733809524,0.000278481904762,0.000278481904762,0.000271797301587,0.024240272222222,1.3333333e-08,0.000294010952381
8050220,30_V3_063,14.173463912118779,50.143958902436225,1,908,563.15,0,0.0,1,0,1,-201824.9711532533,437447.02203193953,30_V3_063,1,0,0.06379018984127,0.002667855714286,0.003177733809524,0.000278481904762,0.000278481904762,0.000271797301587,0.024240272222222,1.3333333e-08,0.000294010952381
