SNAP_internal,ISTACK,LATITUDE,LONGITUDE,STKDM,STKHT,STKTK,STKVE,STKFLW,STKCNT,ROW,COL,XLOCA,YLOCA,IFIP,LMAJOR,LPING,NOX,CO,SO2,PM,PM10,PM2_5,NO2,BAP,NMVOC
8050220,06_V2_001,14.255599070751051,50.110982218367745,1,6,563.15,0,0.0,1,0,1,-196089.7135912541,433568.3691305489,06_V2_001,1,0,1.2623917738461499,0.028298046153846002,0.049304948461539,0.004753438461538,0.004753438461538,0.004639359230769,0.479708873846154,2.53846154e-07,0.004213185384615
8050220,06_V2_002,14.256925826715813,50.111373902843035,1,13,563.15,0,0.0,1,0,1,-195993.444496846,433608.7123815591,06_V2_002,1,0,1.2623917738461499,0.028298046153846002,0.049304948461539,0.004753438461538,0.004753438461538,0.004639359230769,0.479708873846154,2.53846154e-07,0.004213185384615
8050220,06_V2_003,14.258238755602708,50.11176432719704,1,20,563.15,0,0.0,1,0,1,-195898.16920664773,433648.95109517686,06_V2_003,1,0,1.2623917738461499,0.028298046153846002,0.049304948461539,0.004753438461538,0.004753438461538,0.004639359230769,0.479708873846154,2.53846154e-07,0.004213185384615
8050220,06_V2_004,14.259563618876545,50.11216488707746,1,27,563.15,0,0.0,1,0,1,-195802.0039253532,433690.29077696026,06_V2_004,1,0,1.2623917738461499,0.028298046153846002,0.049304948461539,0.004753438461538,0.004753438461538,0.004639359230769,0.479708873846154,2.53846154e-07,0.004213185384615
8050220,06_V2_005,14.260890439696679,50.11255652619564,1,34,563.15,0,0.0,1,0,1,-195705.7345907496,433730.6337671861,06_V2_005,1,0,1.2623917738461499,0.028298046153846002,0.049304948461539,0.004753438461538,0.004753438461538,0.004639359230769,0.479708873846154,2.53846154e-07,0.004213185384615
8050220,06_V2_006,14.262203432994996,50.112946905663854,1,41,563.15,0,0.0,1,0,1,-195610.4590619738,433770.872223052,06_V2_006,1,0,1.2623917738461499,0.028298046153846002,0.049304948461539,0.004753438461538,0.004753438461538,0.004639359230769,0.479708873846154,2.53846154e-07,0.004213185384615
8050220,06_V2_007,14.263530296847307,50.113338514580576,1,48,563.15,0,0.0,1,0,1,-195514.18956809613,433811.2150394145,06_V2_007,1,0,1.2623917738461499,0.028298046153846002,0.049304948461539,0.004753438461538,0.004753438461538,0.004639359230769,0.479708873846154,2.53846154e-07,0.004213185384615
8050220,06_V2_008,14.264857182288422,50.11373010831685,1,54,563.15,0,0.0,1,0,1,-195417.91999434074,433851.5577683235,06_V2_008,1,0,1.2623917738461499,0.028298046153846002,0.049304948461539,0.004753438461538,0.004753438461538,0.004639359230769,0.479708873846154,2.53846154e-07,0.004213185384615
8050220,06_V2_009,14.266168305184882,50.1141293485845,1,61,563.15,0,0.0,1,0,1,-195322.7481958992,433892.7925730106,06_V2_009,1,0,1.2623917738461499,0.028298046153846002,0.049304948461539,0.004753438461538,0.004753438461538,0.004639359230769,0.479708873846154,2.53846154e-07,0.004213185384615
8050220,06_V2_010,14.267495233885342,50.11452091213804,1,68,563.15,0,0.0,1,0,1,-195226.47846202922,433933.1351285225,06_V2_010,1,0,1.2623917738461499,0.028298046153846002,0.049304948461539,0.004753438461538,0.004753438461538,0.004639359230769,0.479708873846154,2.53846154e-07,0.004213185384615
8050220,06_V2_011,14.268822184173134,50.11491246050986,1,75,563.15,0,0.0,1,0,1,-195130.20864832238,433973.47759656346,06_V2_011,1,0,1.2623917738461499,0.028298046153846002,0.049304948461539,0.004753438461538,0.004753438461538,0.004639359230769,0.479708873846154,2.53846154e-07,0.004213185384615
8050220,06_V2_012,14.270149156047774,50.115303993699676,1,82,563.15,0,0.0,1,0,1,-195033.93875479192,434013.81997714203,06_V2_012,1,0,1.2623917738461499,0.028298046153846002,0.049304948461539,0.004753438461538,0.004753438461538,0.004639359230769,0.479708873846154,2.53846154e-07,0.004213185384615
8050220,06_V2_013,14.271460365703778,50.115703174134566,1,89,563.15,0,0.0,1,0,1,-194938.76663504922,434055.0544395457,06_V2_013,1,0,1.2623917738461499,0.028298046153846002,0.049304948461539,0.004753438461538,0.004753438461538,0.004639359230769,0.479708873846154,2.53846154e-07,0.004213185384615
8050220,06_V3_001,14.27276161369541,50.116083284901045,1,99,563.15,0,0.0,1,0,1,-194844.38039804355,434094.1911595736,06_V3_001,1,0,0.5393606109523811,0.022557351111111,0.026868472380952,0.002354641269841,0.002354641269841,0.0022981330158729995,0.20495703222222197,1.1333333300000002e-07,0.002486448095238
8050220,06_V3_002,14.274035181381473,50.116460894950755,1,112,563.15,0,0.0,1,0,1,-194751.98186595718,434133.1189196304,06_V3_002,1,0,0.5393606109523811,0.022557351111111,0.026868472380952,0.002354641269841,0.002354641269841,0.0022981330158729995,0.20495703222222197,1.1333333300000002e-07,0.002486448095238
8050220,06_V3_003,14.275294918480348,50.11683724810553,1,125,563.15,0,0.0,1,0,1,-194660.57715091077,434171.9421624239,06_V3_003,1,0,0.5393606109523811,0.022557351111111,0.026868472380952,0.002354641269841,0.002354641269841,0.0022981330158729995,0.20495703222222197,1.1333333300000002e-07,0.002486448095238
8050220,06_V3_004,14.276568525986571,50.117214830336295,1,138,563.15,0,0.0,1,0,1,-194568.1784715988,434210.8697625764,06_V3_004,1,0,0.5393606109523811,0.022557351111111,0.026868472380952,0.002354641269841,0.002354641269841,0.0022981330158729995,0.20495703222222197,1.1333333300000002e-07,0.002486448095238
8050220,06_V3_005,14.277842153472914,50.11759239858127,1,151,563.15,0,0.0,1,0,1,-194475.77971844262,434249.7972822879,06_V3_005,1,0,0.5393606109523811,0.022557351111111,0.026868472380952,0.002354641269841,0.002354641269841,0.0022981330158729995,0.20495703222222197,1.1333333300000002e-07,0.002486448095238
8050220,06_V3_006,14.27910194994726,50.11796871038408,1,164,563.15,0,0.0,1,0,1,-194384.37478386264,434288.6202876647,06_V3_006,1,0,0.5393606109523811,0.022557351111111,0.026868472380952,0.002354641269841,0.002354641269841,0.0022981330158729995,0.20495703222222197,1.1333333300000002e-07,0.002486448095238
8050220,06_V3_007,14.280375617251215,50.118346250808074,1,177,563.15,0,0.0,1,0,1,-194291.9758835512,434327.54764745774,06_V3_007,1,0,0.5393606109523811,0.022557351111111,0.026868472380952,0.002354641269841,0.002354641269841,0.0022981330158729995,0.20495703222222197,1.1333333300000002e-07,0.002486448095238
8050220,06_V3_008,14.281647372635328,50.11873268320185,1,190,563.15,0,0.0,1,0,1,-194199.68086656288,434367.47153968975,06_V3_008,1,0,0.5393606109523811,0.022557351111111,0.026868472380952,0.002354641269841,0.002354641269841,0.0022981330158729995,0.20495703222222197,1.1333333300000002e-07,0.002486448095238
8050220,06_V3_009,14.282921080117399,50.119110195671865,1,203,563.15,0,0.0,1,0,1,-194107.2818177601,434406.398739044,06_V3_009,1,0,0.5393606109523811,0.022557351111111,0.026868472380952,0.002354641269841,0.002354641269841,0.0022981330158729995,0.20495703222222197,1.1333333300000002e-07,0.002486448095238
8050220,06_V3_010,14.284180956018355,50.119486452303754,1,216,563.15,0,0.0,1,0,1,-194015.87658959551,434445.22142795846,06_V3_010,1,0,0.5393606109523811,0.022557351111111,0.026868472380952,0.002354641269841,0.002354641269841,0.0022981330158729995,0.20495703222222197,1.1333333300000002e-07,0.002486448095238
8050220,06_V3_011,14.285454703314647,50.11986393694994,1,229,563.15,0,0.0,1,0,1,-193923.47739373284,434484.1484673653,06_V3_011,1,0,0.5393606109523811,0.022557351111111,0.026868472380952,0.002354641269841,0.002354641269841,0.0022981330158729995,0.20495703222222197,1.1333333300000002e-07,0.002486448095238
8050220,06_V3_012,14.286728470588072,50.1202414076077,1,242,563.15,0,0.0,1,0,1,-193831.07812411024,434523.07542629493,06_V3_012,1,0,0.5393606109523811,0.022557351111111,0.026868472380952,0.002354641269841,0.002354641269841,0.0022981330158729995,0.20495703222222197,1.1333333300000002e-07,0.002486448095238
8050220,06_V3_013,14.287988405855668,50.12061762288015,1,255,563.15,0,0.0,1,0,1,-193739.67267666364,434561.8978777161,06_V3_013,1,0,0.5393606109523811,0.022557351111111,0.026868472380952,0.002354641269841,0.002354641269841,0.0022981330158729995,0.20495703222222197,1.1333333300000002e-07,0.002486448095238
8050220,06_V3_014,14.28926221294077,50.12099506571187,1,268,563.15,0,0.0,1,0,1,-193647.2732600525,434600.8246766717,06_V3_014,1,0,0.5393606109523811,0.022557351111111,0.026868472380952,0.002354641269841,0.002354641269841,0.0022981330158729995,0.20495703222222197,1.1333333300000002e-07,0.002486448095238
8050220,06_V3_015,14.290536040001745,50.12137249455416,1,281,563.15,0,0.0,1,0,1,-193554.87376971488,434639.7513951506,06_V3_015,1,0,0.5393606109523811,0.022557351111111,0.026868472380952,0.002354641269841,0.002354641269841,0.0022981330158729995,0.20495703222222197,1.1333333300000002e-07,0.002486448095238
8050220,06_V3_016,14.29179603463222,50.12174866846396,1,294,563.15,0,0.0,1,0,1,-193463.46810309144,434678.57360903977,06_V3_016,1,0,0.5393606109523811,0.022557351111111,0.026868472380952,0.002354641269841,0.002354641269841,0.0022981330158729995,0.20495703222222197,1.1333333300000002e-07,0.002486448095238
8050220,06_V3_017,14.29306990150228,50.122126069478036,1,308,563.15,0,0.0,1,0,1,-193371.0684658395,434717.5001675205,06_V3_017,1,0,0.5393606109523811,0.022557351111111,0.026868472380952,0.002354641269841,0.002354641269841,0.0022981330158729995,0.20495703222222197,1.1333333300000002e-07,0.002486448095238
8050220,06_V3_018,14.294343788346938,50.122503456501605,1,321,563.15,0,0.0,1,0,1,-193278.66875489676,434756.4266455114,06_V3_018,1,0,0.5393606109523811,0.022557351111111,0.026868472380952,0.002354641269841,0.002354641269841,0.0022981330158729995,0.20495703222222197,1.1333333300000002e-07,0.002486448095238
8050220,06_V3_019,14.29561769516572,50.12288082953425,1,334,563.15,0,0.0,1,0,1,-193186.2689702773,434795.3530430017,06_V3_019,1,0,0.5393606109523811,0.022557351111111,0.026868472380952,0.002354641269841,0.002354641269841,0.0022981330158729995,0.20495703222222197,1.1333333300000002e-07,0.002486448095238
8050220,06_V3_020,14.296877768987686,50.123256948238705,1,347,563.15,0,0.0,1,0,1,-193094.86301141809,434834.1749397996,06_V3_020,1,0,0.5393606109523811,0.022557351111111,0.026868472380952,0.002354641269841,0.002354641269841,0.0022981330158729995,0.20495703222222197,1.1333333300000002e-07,0.002486448095238
8050220,06_V3_021,14.298151715612175,50.123634293440325,1,360,563.15,0,0.0,1,0,1,-193002.46307997813,434873.10117726686,06_V3_021,1,0,0.5393606109523811,0.022557351111111,0.026868472380952,0.002354641269841,0.002354641269841,0.0022981330158729995,0.20495703222222197,1.1333333300000002e-07,0.002486448095238
8050220,06_V3_022,14.299425682209515,50.124011624649924,1,373,563.15,0,0.0,1,0,1,-192910.0630748968,434912.02733422315,06_V3_022,1,0,0.5393606109523811,0.022557351111111,0.026868472380952,0.002354641269841,0.002354641269841,0.0022981330158729995,0.20495703222222197,1.1333333300000002e-07,0.002486448095238
8050220,06_V3_023,14.300685815385515,50.124387701984226,1,386,563.15,0,0.0,1,0,1,-192818.65689711052,434950.8489934112,06_V3_023,1,0,0.5393606109523811,0.022557351111111,0.026868472380952,0.002354641269841,0.002354641269841,0.0022981330158729995,0.20495703222222197,1.1333333300000002e-07,0.002486448095238
8050220,06_V3_024,14.30195982178599,50.12476500536063,1,399,563.15,0,0.0,1,0,1,-192726.25674528087,434989.7749903202,06_V3_024,1,0,0.5393606109523811,0.022557351111111,0.026868472380952,0.002354641269841,0.002354641269841,0.0022981330158729995,0.20495703222222197,1.1333333300000002e-07,0.002486448095238
8050220,06_V3_025,14.303233848158026,50.12514229474396,1,412,563.15,0,0.0,1,0,1,-192633.8565198466,435028.70090670564,06_V3_025,1,0,0.5393606109523811,0.022557351111111,0.026868472380952,0.002354641269841,0.002354641269841,0.0022981330158729995,0.20495703222222197,1.1333333300000002e-07,0.002486448095238
8050220,06_V3_026,14.3045078945012,50.12551957013385,1,425,563.15,0,0.0,1,0,1,-192541.45622081772,435067.6267425691,06_V3_026,1,0,0.5393606109523811,0.022557351111111,0.026868472380952,0.002354641269841,0.002354641269841,0.0022981330158729995,0.20495703222222197,1.1333333300000002e-07,0.002486448095238
8050220,06_V3_027,14.305768106856895,50.12589559225285,1,438,563.15,0,0.0,1,0,1,-192450.0497511278,435106.44808456546,06_V3_027,1,0,0.5393606109523811,0.022557351111111,0.026868472380952,0.002354641269841,0.002354641269841,0.0022981330158729995,0.20495703222222197,1.1333333300000002e-07,0.002486448095238
8050220,06_V3_028,14.307042192999802,50.12627283980669,1,451,563.15,0,0.0,1,0,1,-192357.64930544587,435145.3737603515,06_V3_028,1,0,0.5393606109523811,0.022557351111111,0.026868472380952,0.002354641269841,0.002354641269841,0.0022981330158729995,0.20495703222222197,1.1333333300000002e-07,0.002486448095238
8050220,06_V3_029,14.308316299112525,50.12665007336597,1,464,563.15,0,0.0,1,0,1,-192265.2487862085,435184.2993555989,06_V3_029,1,0,0.5393606109523811,0.022557351111111,0.026868472380952,0.002354641269841,0.002354641269841,0.0022981330158729995,0.20495703222222197,1.1333333300000002e-07,0.002486448095238
8050220,06_V3_030,14.309576570813439,50.127026054107354,1,477,563.15,0,0.0,1,0,1,-192173.8420978384,435223.1204599055,06_V3_030,1,0,0.5393606109523811,0.022557351111111,0.026868472380952,0.002354641269841,0.002354641269841,0.0022981330158729995,0.20495703222222197,1.1333333300000002e-07,0.002486448095238
8050220,06_V3_031,14.310850716723335,50.127403259828434,1,490,563.15,0,0.0,1,0,1,-192081.44143201926,435262.04589505406,06_V3_031,1,0,0.5393606109523811,0.022557351111111,0.026868472380952,0.002354641269841,0.002354641269841,0.0022981330158729995,0.20495703222222197,1.1333333300000002e-07,0.002486448095238
8050220,06_V3_032,14.312124882601776,50.12778045155394,1,504,563.15,0,0.0,1,0,1,-191989.0406926792,435300.9712496569,06_V3_032,1,0,0.5393606109523811,0.022557351111111,0.026868472380952,0.002354641269841,0.002354641269841,0.0022981330158729995,0.20495703222222197,1.1333333300000002e-07,0.002486448095238
8050220,06_V3_033,14.313385213644107,50.12815639091442,1,517,563.15,0,0.0,1,0,1,-191897.6337857368,435339.792116235,06_V3_033,1,0,0.5393606109523811,0.022557351111111,0.026868472380952,0.002354641269841,0.002354641269841,0.0022981330158729995,0.20495703222222197,1.1333333300000002e-07,0.002486448095238
8050220,06_V3_034,14.314659419317136,50.12853355479957,1,530,563.15,0,0.0,1,0,1,-191805.23289988821,435378.71731071523,06_V3_034,1,0,0.5393606109523811,0.022557351111111,0.026868472380952,0.002354641269841,0.002354641269841,0.0022981330158729995,0.20495703222222197,1.1333333300000002e-07,0.002486448095238
8050220,06_V3_035,14.315933644957447,50.128910704688025,1,543,563.15,0,0.0,1,0,1,-191712.83194055292,435417.6424246375,06_V3_035,1,0,0.5393606109523811,0.022557351111111,0.026868472380952,0.002354641269841,0.002354641269841,0.0022981330158729995,0.20495703222222197,1.1333333300000002e-07,0.002486448095238
8050220,06_V3_036,14.317207890564593,50.129287840579394,1,556,563.15,0,0.0,1,0,1,-191620.43090774445,435456.5674579907,06_V3_036,1,0,0.5393606109523811,0.022557351111111,0.026868472380952,0.002354641269841,0.002354641269841,0.0022981330158729995,0.20495703222222197,1.1333333300000002e-07,0.002486448095238
8050220,06_V3_037,14.31846830076972,50.12966372471036,1,569,563.15,0,0.0,1,0,1,-191529.02370937425,435495.3880072293,06_V3_037,1,0,0.5393606109523811,0.022557351111111,0.026868472380952,0.002354641269841,0.002354641269841,0.0022981330158729995,0.20495703222222197,1.1333333300000002e-07,0.002486448095238
8050220,06_V3_038,14.319742586168044,50.130040832758496,1,582,563.15,0,0.0,1,0,1,-191436.62253015226,435534.3128804307,06_V3_038,1,0,0.5393606109523811,0.022557351111111,0.026868472380952,0.002354641269841,0.002354641269841,0.0022981330158729995,0.20495703222222197,1.1333333300000002e-07,0.002486448095238
8050220,06_V3_039,14.321016891531874,50.13041792680857,1,595,563.15,0,0.0,1,0,1,-191344.22127749465,435573.2376730624,06_V3_039,1,0,0.5393606109523811,0.022557351111111,0.026868472380952,0.002354641269841,0.002354641269841,0.0022981330158729995,0.20495703222222197,1.1333333300000002e-07,0.002486448095238
8050220,06_V3_040,14.322277361069574,50.130793769551154,1,608,563.15,0,0.0,1,0,1,-191252.8138608001,435612.05798449524,06_V3_040,1,0,0.5393606109523811,0.022557351111111,0.026868472380952,0.002354641269841,0.002354641269841,0.0022981330158729995,0.20495703222222197,1.1333333300000002e-07,0.002486448095238
8050220,06_V3_041,14.323549781589124,50.131179742378215,1,621,563.15,0,0.0,1,0,1,-191160.51638984587,435651.9792454571,06_V3_041,1,0,0.5393606109523811,0.022557351111111,0.026868472380952,0.002354641269841,0.002354641269841,0.0022981330158729995,0.20495703222222197,1.1333333300000002e-07,0.002486448095238
8050220,06_V3_042,14.324824146926925,50.131556794603824,1,634,563.15,0,0.0,1,0,1,-191068.1149165603,435690.90379779437,06_V3_042,1,0,0.5393606109523811,0.022557351111111,0.026868472380952,0.002354641269841,0.002354641269841,0.0022981330158729995,0.20495703222222197,1.1333333300000002e-07,0.002486448095238
8050220,06_V3_043,14.326084676011972,50.13193259597485,1,647,563.15,0,0.0,1,0,1,-190976.70728077466,435729.72387186065,06_V3_043,1,0,0.5393606109523811,0.022557351111111,0.026868472380952,0.002354641269841,0.002354641269841,0.0022981330158729995,0.20495703222222197,1.1333333300000002e-07,0.002486448095238
8050220,06_V3_044,14.32735908113583,50.132309620352956,1,660,563.15,0,0.0,1,0,1,-190884.30566121923,435768.6482640037,06_V3_044,1,0,0.5393606109523811,0.022557351111111,0.026868472380952,0.002354641269841,0.002354641269841,0.0022981330158729995,0.20495703222222197,1.1333333300000002e-07,0.002486448095238
8050220,06_V3_045,14.328633506222634,50.13268663073076,1,673,563.15,0,0.0,1,0,1,-190791.90396829954,435807.57257554727,06_V3_045,1,0,0.5393606109523811,0.022557351111111,0.026868472380952,0.002354641269841,0.002354641269841,0.0022981330158729995,0.20495703222222197,1.1333333300000002e-07,0.002486448095238
8050220,06_V3_046,14.329907951271995,50.13306362710794,1,686,563.15,0,0.0,1,0,1,-190699.50220202497,435846.4968064942,06_V3_046,1,0,0.5393606109523811,0.022557351111111,0.026868472380952,0.002354641269841,0.002354641269841,0.0022981330158729995,0.20495703222222197,1.1333333300000002e-07,0.002486448095238
8050220,06_V3_047,14.331168559502995,50.133439373235156,1,699,563.15,0,0.0,1,0,1,-190608.0942752849,435885.3165630682,06_V3_047,1,0,0.5393606109523811,0.022557351111111,0.026868472380952,0.002354641269841,0.002354641269841,0.0022981330158729995,0.20495703222222197,1.1333333300000002e-07,0.002486448095238
8050220,06_V3_048,14.332443044334973,50.13381634176191,1,713,563.15,0,0.0,1,0,1,-190515.69236283746,435924.2406337849,06_V3_048,1,0,0.5393606109523811,0.022557351111111,0.026868472380952,0.002354641269841,0.002354641269841,0.0022981330158729995,0.20495703222222197,1.1333333300000002e-07,0.002486448095238
8050220,06_V3_049,14.333717549128163,50.134193296286966,1,726,563.15,0,0.0,1,0,1,-190423.29037707442,435963.16462389135,06_V3_049,1,0,0.5393606109523811,0.022557351111111,0.026868472380952,0.002354641269841,0.002354641269841,0.0022981330158729995,0.20495703222222197,1.1333333300000002e-07,0.002486448095238
8050220,06_V3_050,14.334978216679099,50.1345690010151,1,739,563.15,0,0.0,1,0,1,-190331.88223236546,436001.9841425436,06_V3_050,1,0,0.5393606109523811,0.022557351111111,0.026868472380952,0.002354641269841,0.002354641269841,0.0022981330158729995,0.20495703222222197,1.1333333300000002e-07,0.002486448095238
8050220,06_V3_051,14.336252761252355,50.134945927687596,1,752,563.15,0,0.0,1,0,1,-190239.4801005001,436040.9079724001,06_V3_051,1,0,0.5393606109523811,0.022557351111111,0.026868472380952,0.002354641269841,0.002354641269841,0.0022981330158729995,0.20495703222222197,1.1333333300000002e-07,0.002486448095238
8050220,06_V3_052,14.337527325785564,50.13532284035728,1,765,563.15,0,0.0,1,0,1,-190147.07789535273,436079.831721633,06_V3_052,1,0,0.5393606109523811,0.022557351111111,0.026868472380952,0.002354641269841,0.002354641269841,0.0022981330158729995,0.20495703222222197,1.1333333300000002e-07,0.002486448095238
8050220,06_V3_053,14.338801910278287,50.13569973902385,1,778,563.15,0,0.0,1,0,1,-190054.6756169356,436118.7553902402,06_V3_053,1,0,0.5393606109523811,0.022557351111111,0.026868472380952,0.002354641269841,0.002354641269841,0.0022981330158729995,0.20495703222222197,1.1333333300000002e-07,0.002486448095238
8050220,06_V3_054,14.34006265696331,50.136075388498185,1,791,563.15,0,0.0,1,0,1,-189963.26718160586,436157.5745912956,06_V3_054,1,0,0.5393606109523811,0.022557351111111,0.026868472380952,0.002354641269841,0.002354641269841,0.0022981330158729995,0.20495703222222197,1.1333333300000002e-07,0.002486448095238
8050220,06_V3_055,14.341337281232645,50.13645225930928,1,804,563.15,0,0.0,1,0,1,-189870.864757184,436196.4980996188,06_V3_055,1,0,0.5393606109523811,0.022557351111111,0.026868472380952,0.002354641269841,0.002354641269841,0.0022981330158729995,0.20495703222222197,1.1333333300000002e-07,0.002486448095238
8050220,06_V3_056,14.342611925460194,50.13682911611619,1,817,563.15,0,0.0,1,0,1,-189778.46225952907,436235.4215273113,06_V3_056,1,0,0.5393606109523811,0.022557351111111,0.026868472380952,0.002354641269841,0.002354641269841,0.0022981330158729995,0.20495703222222197,1.1333333300000002e-07,0.002486448095238
8050220,06_V3_057,14.343872731456251,50.137204724183995,1,830,563.15,0,0.0,1,0,1,-189687.05360648094,436274.24049036944,06_V3_057,1,0,0.5393606109523811,0.022557351111111,0.026868472380952,0.002354641269841,0.002354641269841,0.0022981330158729995,0.20495703222222197,1.1333333300000002e-07,0.002486448095238
8050220,06_V3_058,14.345147415457868,50.13758155313332,1,843,563.15,0,0.0,1,0,1,-189594.6509628909,436313.1637577568,06_V3_058,1,0,0.5393606109523811,0.022557351111111,0.026868472380952,0.002354641269841,0.002354641269841,0.0022981330158729995,0.20495703222222197,1.1333333300000002e-07,0.002486448095238
8050220,06_V3_059,14.346422119416392,50.137958368077356,1,856,563.15,0,0.0,1,0,1,-189502.24824610466,436352.0869444959,06_V3_059,1,0,0.5393606109523811,0.022557351111111,0.026868472380952,0.002354641269841,0.002354641269841,0.0022981330158729995,0.20495703222222197,1.1333333300000002e-07,0.002486448095238
8050220,06_V3_060,14.347682984719665,50.13833393473549,1,869,563.15,0,0.0,1,0,1,-189410.83937544626,436390.9056695297,06_V3_060,1,0,0.5393606109523811,0.022557351111111,0.026868472380952,0.002354641269841,0.002354641269841,0.0022981330158729995,0.20495703222222197,1.1333333300000002e-07,0.002486448095238
8050220,06_V3_061,14.348957728449676,50.138710721819756,1,882,563.15,0,0.0,1,0,1,-189318.4365127975,436429.8286959395,06_V3_061,1,0,0.5393606109523811,0.022557351111111,0.026868472380952,0.002354641269841,0.002354641269841,0.0022981330158729995,0.20495703222222197,1.1333333300000002e-07,0.002486448095238
8050220,06_V3_062,14.350232492135305,50.13908749489768,1,895,563.15,0,0.0,1,0,1,-189226.03357698765,436468.75164169393,06_V3_062,1,0,0.5393606109523811,0.022557351111111,0.026868472380952,0.002354641269841,0.002354641269841,0.0022981330158729995,0.20495703222222197,1.1333333300000002e-07,0.002486448095238
8050220,06_V3_063,14.351507275776106,50.13946425396882,1,908,563.15,0,0.0,1,0,1,-189133.63056802988,436507.6745067809,06_V3_063,1,0,0.5393606109523811,0.022557351111111,0.026868472380952,0.002354641269841,0.002354641269841,0.0022981330158729995,0.20495703222222197,1.1333333300000002e-07,0.002486448095238
8050220,24_V2_001,14.246183881406353,50.10824659550354,1,6,563.15,0,0.0,1,0,1,-196772.74789095102,433287.01699204283,24_V2_001,1,0,4.838714343846151,0.10846567230769198,0.188984528461538,0.018219761538461002,0.018219761538461002,0.017782493076923,1.8387114507692301,9.738461540000002e-07,0.016150543846153997
8050220,24_V2_002,14.24485536077467,50.10786369351843,1,13,563.15,0,0.0,1,0,1,-196869.12032512284,433247.6696306879,24_V2_002,1,0,4.838714343846151,0.10846567230769198,0.188984528461538,0.018219761538461002,0.018219761538461002,0.017782493076923,1.8387114507692301,9.738461540000002e-07,0.016150543846153997
8050220,24_V2_003,14.243542646840673,50.10747311766515,1,20,563.15,0,0.0,1,0,1,-196964.3948190474,433207.4300436172,24_V2_003,1,0,4.838714343846151,0.10846567230769198,0.188984528461538,0.018219761538461002,0.018219761538461002,0.017782493076923,1.8387114507692301,9.738461540000002e-07,0.016150543846153997
8050220,24_V2_004,14.242214168565981,50.107090185425406,1,27,563.15,0,0.0,1,0,1,-197060.76709635012,433168.08250701724,24_V2_004,1,0,4.838714343846151,0.10846567230769198,0.188984528461538,0.018219761538461002,0.018219761538461002,0.017782493076923,1.8387114507692301,9.738461540000002e-07,0.016150543846153997
8050220,24_V2_005,14.24090149715727,50.10669957967552,1,34,563.15,0,0.0,1,0,1,-197156.0414325789,433127.8427477362,24_V2_005,1,0,4.838714343846151,0.10846567230769198,0.188984528461538,0.018219761538461002,0.018219761538461002,0.017782493076923,1.8387114507692301,9.738461540000002e-07,0.016150543846153997
8050220,24_V2_006,14.23957500043498,50.10630771189904,1,41,563.15,0,0.0,1,0,1,-197252.30956659387,433087.4984387437,24_V2_006,1,0,4.838714343846151,0.10846567230769198,0.188984528461538,0.018219761538461002,0.018219761538461002,0.017782493076923,1.8387114507692301,9.738461540000002e-07,0.016150543846153997
8050220,24_V2_007,14.238260432360105,50.105925981537936,1,48,563.15,0,0.0,1,0,1,-197347.68773143625,433048.2551044472,24_V2_007,1,0,4.838714343846151,0.10846567230769198,0.188984528461538,0.018219761538461002,0.018219761538461002,0.017782493076923,1.8387114507692301,9.738461540000002e-07,0.016150543846153997
8050220,24_V2_008,14.236933978456808,50.10553408355242,1,54,563.15,0,0.0,1,0,1,-197443.95570663703,433007.91062123096,24_V2_008,1,0,4.838714343846151,0.10846567230769198,0.188984528461538,0.018219761538461002,0.018219761538461002,0.017782493076923,1.8387114507692301,9.738461540000002e-07,0.016150543846153997
8050220,24_V2_009,14.235619452453106,50.1051523232555,1,61,563.15,0,0.0,1,0,1,-197539.3337155133,432968.6671137756,24_V2_009,1,0,4.838714343846151,0.10846567230769198,0.188984528461538,0.018219761538461002,0.018219761538461002,0.017782493076923,1.8387114507692301,9.738461540000002e-07,0.016150543846153997
8050220,24_V2_010,14.234293041370744,50.10476039506258,1,68,563.15,0,0.0,1,0,1,-197635.60153184726,432928.3224563546,24_V2_010,1,0,4.838714343846151,0.10846567230769198,0.188984528461538,0.018219761538461002,0.018219761538461002,0.017782493076923,1.8387114507692301,9.738461540000002e-07,0.016150543846153997
8050220,24_V2_011,14.232980497776888,50.10436969965352,1,75,563.15,0,0.0,1,0,1,-197730.87539375466,432888.0821810429,24_V2_011,1,0,4.838714343846151,0.10846567230769198,0.188984528461538,0.018219761538461002,0.018219761538461002,0.017782493076923,1.8387114507692301,9.738461540000002e-07,0.016150543846153997
8050220,24_V2_012,14.231666034925786,50.103987894544744,1,82,563.15,0,0.0,1,0,1,-197826.2531683791,432848.8384146292,24_V2_012,1,0,4.838714343846151,0.10846567230769198,0.188984528461538,0.018219761538461002,0.018219761538461002,0.017782493076923,1.8387114507692301,9.738461540000002e-07,0.016150543846153997
8050220,24_V2_013,14.230339688119914,50.10359592113337,1,89,563.15,0,0.0,1,0,1,-197922.52074611344,432808.4934966903,24_V2_013,1,0,4.838714343846151,0.10846567230769198,0.188984528461538,0.018219761538461002,0.018219761538461002,0.017782493076923,1.8387114507692301,9.738461540000002e-07,0.016150543846153997
8050220,24_V3_001,14.22904105381911,50.10320642940328,1,99,563.15,0,0.0,1,0,1,-198016.80049825466,432768.35743643297,24_V3_001,1,0,1.6967311068254,0.070961349047619,0.08452336619047598,0.0074072773015870005,0.0074072773015870005,0.007229506825396999,0.644757820634921,3.56666667e-07,0.007821589047619001
8050220,24_V3_002,14.227780093984896,50.10283847904722,1,112,563.15,0,0.0,1,0,1,-198108.30654485925,432730.5278988405,24_V3_002,1,0,1.6967311068254,0.070961349047619,0.08452336619047598,0.0074072773015870005,0.0074072773015870005,0.007229506825396999,0.644757820634921,3.56666667e-07,0.007821589047619001
8050220,24_V3_003,14.226507249711167,50.10246036118091,1,125,563.15,0,0.0,1,0,1,-198200.70239617443,432691.5972152136,24_V3_003,1,0,1.6967311068254,0.070961349047619,0.08452336619047598,0.0074072773015870005,0.0074072773015870005,0.007229506825396999,0.644757820634921,3.56666667e-07,0.007821589047619001
8050220,24_V3_004,14.225234425434575,50.102082229342976,1,138,563.15,0,0.0,1,0,1,-198293.09817316872,432652.66645129846,24_V3_004,1,0,1.6967311068254,0.070961349047619,0.08452336619047598,0.0074072773015870005,0.0074072773015870005,0.007229506825396999,0.644757820634921,3.56666667e-07,0.007821589047619001
8050220,24_V3_005,14.223959679256033,50.10171298856668,1,151,563.15,0,0.0,1,0,1,-198385.59787304862,432614.73219841,24_V3_005,1,0,1.6967311068254,0.070961349047619,0.08452336619047598,0.0074072773015870005,0.0074072773015870005,0.007229506825396999,0.644757820634921,3.56666667e-07,0.007821589047619001
8050220,24_V3_006,14.222686894754494,50.10133482876604,1,164,563.15,0,0.0,1,0,1,-198477.99350225396,432575.8012734364,24_V3_006,1,0,1.6967311068254,0.070961349047619,0.08452336619047598,0.0074072773015870005,0.0074072773015870005,0.007229506825396999,0.644757820634921,3.56666667e-07,0.007821589047619001
8050220,24_V3_007,14.221414130251365,50.10095665499475,1,177,563.15,0,0.0,1,0,1,-198570.38905710427,432536.87026817584,24_V3_007,1,0,1.6967311068254,0.070961349047619,0.08452336619047598,0.0074072773015870005,0.0074072773015870005,0.007229506825396999,0.644757820634921,3.56666667e-07,0.007821589047619001
8050220,24_V3_008,14.220153287654831,50.1005886217091,1,190,563.15,0,0.0,1,0,1,-198661.89466828696,432499.0402518871,24_V3_008,1,0,1.6967311068254,0.070961349047619,0.08452336619047598,0.0074072773015870005,0.0074072773015870005,0.007229506825396999,0.644757820634921,3.56666667e-07,0.007821589047619001
8050220,24_V3_009,14.218880562787625,50.100210420129024,1,203,563.15,0,0.0,1,0,1,-198754.29007578356,432460.10908657947,24_V3_009,1,0,1.6967311068254,0.070961349047619,0.08452336619047598,0.0074072773015870005,0.0074072773015870005,0.007229506825396999,0.644757820634921,3.56666667e-07,0.007821589047619001
8050220,24_V3_010,14.217607857920106,50.09983220457939,1,216,563.15,0,0.0,1,0,1,-198846.6854088897,432421.17784099776,24_V3_010,1,0,1.6967311068254,0.070961349047619,0.08452336619047598,0.0074072773015870005,0.0074072773015870005,0.007229506825396999,0.644757820634921,3.56666667e-07,0.007821589047619001
8050220,24_V3_011,14.216333229831701,50.09946287997086,1,229,563.15,0,0.0,1,0,1,-198939.1846701086,432383.2431035983,24_V3_011,1,0,1.6967311068254,0.070961349047619,0.08452336619047598,0.0074072773015870005,0.0074072773015870005,0.007229506825396999,0.644757820634921,3.56666667e-07,0.007821589047619001
8050220,24_V3_012,14.215060564744446,50.09908463646289,1,242,563.15,0,0.0,1,0,1,-199031.57985528046,432344.31169700966,24_V3_012,1,0,1.6967311068254,0.070961349047619,0.08452336619047598,0.0074072773015870005,0.0074072773015870005,0.007229506825396999,0.644757820634921,3.56666667e-07,0.007821589047619001
8050220,24_V3_013,14.213801763421953,50.09870762922778,1,255,563.15,0,0.0,1,0,1,-199122.9810993812,432305.48469441506,24_V3_013,1,0,1.6967311068254,0.070961349047619,0.08452336619047598,0.0074072773015870005,0.0074072773015870005,0.007229506825396999,0.644757820634921,3.56666667e-07,0.007821589047619001
8050220,24_V3_014,14.212527194314903,50.09833826278387,1,268,563.15,0,0.0,1,0,1,-199215.48014135766,432267.5497153019,24_V3_014,1,0,1.6967311068254,0.070961349047619,0.08452336619047598,0.0074072773015870005,0.0074072773015870005,0.007229506825396999,0.644757820634921,3.56666667e-07,0.007821589047619001
8050220,24_V3_015,14.211254588869705,50.09795997750288,1,281,563.15,0,0.0,1,0,1,-199307.8751046066,432228.61806844454,24_V3_015,1,0,1.6967311068254,0.070961349047619,0.08452336619047598,0.0074072773015870005,0.0074072773015870005,0.007229506825396999,0.644757820634921,3.56666667e-07,0.007821589047619001
8050220,24_V3_016,14.209982003426767,50.09758167825453,1,294,563.15,0,0.0,1,0,1,-199400.26999339272,432189.6863413354,24_V3_016,1,0,1.6967311068254,0.070961349047619,0.08452336619047598,0.0074072773015870005,0.0074072773015870005,0.007229506825396999,0.644757820634921,3.56666667e-07,0.007821589047619001
8050220,24_V3_017,14.208707493444285,50.097212269826564,1,308,563.15,0,0.0,1,0,1,-199492.7688155204,432151.75111956,24_V3_017,1,0,1.6967311068254,0.070961349047619,0.08452336619047598,0.0074072773015870005,0.0074072773015870005,0.007229506825396999,0.644757820634921,3.56666667e-07,0.007821589047619001
8050220,24_V3_018,14.207434947786801,50.09683394262408,1,321,563.15,0,0.0,1,0,1,-199585.16355622926,432112.8192314817,24_V3_018,1,0,1.6967311068254,0.070961349047619,0.08452336619047598,0.0074072773015870005,0.0074072773015870005,0.007229506825396999,0.644757820634921,3.56666667e-07,0.007821589047619001
8050220,24_V3_019,14.206176265051653,50.096456852605684,1,334,563.15,0,0.0,1,0,1,-199676.56435882376,432073.99175331823,24_V3_019,1,0,1.6967311068254,0.070961349047619,0.08452336619047598,0.0074072773015870005,0.0074072773015870005,0.007229506825396999,0.644757820634921,3.56666667e-07,0.007821589047619001
8050220,24_V3_020,14.204901814058404,50.096087402348786,1,347,563.15,0,0.0,1,0,1,-199769.0629614929,432036.05628989695,24_V3_020,1,0,1.6967311068254,0.070961349047619,0.08452336619047598,0.0074072773015870005,0.0074072773015870005,0.007229506825396999,0.644757820634921,3.56666667e-07,0.007821589047619001
8050220,24_V3_021,14.203629328050711,50.09570903337981,1,360,563.15,0,0.0,1,0,1,-199861.45748006282,431997.12416162534,24_V3_021,1,0,1.6967311068254,0.070961349047619,0.08452336619047598,0.0074072773015870005,0.0074072773015870005,0.007229506825396999,0.644757820634921,3.56666667e-07,0.007821589047619001
8050220,24_V3_022,14.202356862047855,50.09533065044569,1,373,563.15,0,0.0,1,0,1,-199953.85192409754,431958.19195312844,24_V3_022,1,0,1.6967311068254,0.070961349047619,0.08452336619047598,0.0074072773015870005,0.0074072773015870005,0.007229506825396999,0.644757820634921,3.56666667e-07,0.007821589047619001
8050220,24_V3_023,14.201082470187073,50.0949611582111,1,386,563.15,0,0.0,1,0,1,-200046.3503067026,431920.2562471072,24_V3_023,1,0,1.6967311068254,0.070961349047619,0.08452336619047598,0.0074072773015870005,0.0074072773015870005,0.007229506825396999,0.644757820634921,3.56666667e-07,0.007821589047619001
8050220,24_V3_024,14.199810043974868,50.09458274732719,1,399,563.15,0,0.0,1,0,1,-200138.74460251565,431881.32387769263,24_V3_024,1,0,1.6967311068254,0.070961349047619,0.08452336619047598,0.0074072773015870005,0.0074072773015870005,0.007229506825396999,0.644757820634921,3.56666667e-07,0.007821589047619001
8050220,24_V3_025,14.19855147984231,50.0942055745383,1,412,563.15,0,0.0,1,0,1,-200230.14496317692,431842.49592409225,24_V3_025,1,0,1.6967311068254,0.070961349047619,0.08452336619047598,0.0074072773015870005,0.0074072773015870005,0.007229506825396999,0.644757820634921,3.56666667e-07,0.007821589047619001
8050220,24_V3_026,14.197277146978598,50.09383604048118,1,425,563.15,0,0.0,1,0,1,-200322.64312611034,431804.5599764939,24_V3_026,1,0,1.6967311068254,0.070961349047619,0.08452336619047598,0.0074072773015870005,0.0074072773015870005,0.007229506825396999,0.644757820634921,3.56666667e-07,0.007821589047619001
8050220,24_V3_027,14.196004780423895,50.09345758783721,1,438,563.15,0,0.0,1,0,1,-200415.03719956946,431765.62736694893,24_V3_027,1,0,1.6967311068254,0.070961349047619,0.08452336619047598,0.0074072773015870005,0.0074072773015870005,0.007229506825396999,0.644757820634921,3.56666667e-07,0.007821589047619001
8050220,24_V3_028,14.194732433876602,50.09307912123023,1,451,563.15,0,0.0,1,0,1,-200507.43119842163,431726.69467719976,24_V3_028,1,0,1.6967311068254,0.070961349047619,0.08452336619047598,0.0074072773015870005,0.0074072773015870005,0.007229506825396999,0.644757820634921,3.56666667e-07,0.007821589047619001
8050220,24_V3_029,14.193458160153268,50.09270954520189,1,464,563.15,0,0.0,1,0,1,-200599.92914107424,431688.758487075,24_V3_029,1,0,1.6967311068254,0.070961349047619,0.08452336619047598,0.0074072773015870005,0.0074072773015870005,0.007229506825396999,0.644757820634921,3.56666667e-07,0.007821589047619001
8050220,24_V3_030,14.192185853401798,50.092331050649406,1,477,563.15,0,0.0,1,0,1,-200692.322991562,431649.8256364471,24_V3_030,1,0,1.6967311068254,0.070961349047619,0.08452336619047598,0.0074072773015870005,0.0074072773015870005,0.007229506825396999,0.644757820634921,3.56666667e-07,0.007821589047619001
8050220,24_V3_031,14.190927407887044,50.09195379510293,1,490,563.15,0,0.0,1,0,1,-200783.72290986427,431610.9972075522,24_V3_031,1,0,1.6967311068254,0.070961349047619,0.08452336619047598,0.0074072773015870005,0.0074072773015870005,0.007229506825396999,0.644757820634921,3.56666667e-07,0.007821589047619001
8050220,24_V3_032,14.189653193168663,50.09158417725843,1,504,563.15,0,0.0,1,0,1,-200876.22063262822,431573.0607759124,24_V3_032,1,0,1.6967311068254,0.070961349047619,0.08452336619047598,0.0074072773015870005,0.0074072773015870005,0.007229506825396999,0.644757820634921,3.56666667e-07,0.007821589047619001
8050220,24_V3_033,14.1883809460824,50.09120564095245,1,517,563.15,0,0.0,1,0,1,-200968.61426054672,431534.12768523477,24_V3_033,1,0,1.6967311068254,0.070961349047619,0.08452336619047598,0.0074072773015870005,0.0074072773015870005,0.007229506825396999,0.644757820634921,3.56666667e-07,0.007821589047619001
8050220,24_V3_034,14.187108719006124,50.09082709068561,1,530,563.15,0,0.0,1,0,1,-201061.00781378613,431495.1945143764,24_V3_034,1,0,1.6967311068254,0.070961349047619,0.08452336619047598,0.0074072773015870005,0.0074072773015870005,0.007229506825396999,0.644757820634921,3.56666667e-07,0.007821589047619001
8050220,24_V3_035,14.185834563436014,50.09045743087629,1,543,563.15,0,0.0,1,0,1,-201153.50531605366,431457.2578402725,24_V3_035,1,0,1.6967311068254,0.070961349047619,0.08452336619047598,0.0074072773015870005,0.0074072773015870005,0.007229506825396999,0.644757820634921,3.56666667e-07,0.007821589047619001
8050220,24_V3_036,14.18456237616073,50.09007885266834,1,556,563.15,0,0.0,1,0,1,-201245.89872078507,431418.3245085862,24_V3_036,1,0,1.6967311068254,0.070961349047619,0.08452336619047598,0.0074072773015870005,0.0074072773015870005,0.007229506825396999,0.644757820634921,3.56666667e-07,0.007821589047619001
8050220,24_V3_037,14.183304049278982,50.08970151437707,1,569,563.15,0,0.0,1,0,1,-201337.29819630212,431379.4956045324,24_V3_037,1,0,1.6967311068254,0.070961349047619,0.08452336619047598,0.0074072773015870005,0.0074072773015870005,0.007229506825396999,0.644757820634921,3.56666667e-07,0.007821589047619001
8050220,24_V3_038,14.182029952721658,50.08933181275803,1,582,563.15,0,0.0,1,0,1,-201429.7954784671,431341.5586889835,24_V3_038,1,0,1.6967311068254,0.070961349047619,0.08452336619047598,0.0074072773015870005,0.0074072773015870005,0.007229506825396999,0.644757820634921,3.56666667e-07,0.007821589047619001
8050220,24_V3_039,14.180757825119295,50.08895319280296,1,595,563.15,0,0.0,1,0,1,-201522.18866041413,431302.62511730974,24_V3_039,1,0,1.6967311068254,0.070961349047619,0.08452336619047598,0.0074072773015870005,0.0074072773015870005,0.007229506825396999,0.644757820634921,3.56666667e-07,0.007821589047619001
8050220,24_V3_040,14.17948571752947,50.088574558889206,1,608,563.15,0,0.0,1,0,1,-201614.5817676105,431263.6914654785,24_V3_040,1,0,1.6967311068254,0.070961349047619,0.08452336619047598,0.0074072773015870005,0.0074072773015870005,0.007229506825396999,0.644757820634921,3.56666667e-07,0.007821589047619001
8050220,24_V3_041,14.178211680128307,50.08820481531178,1,621,563.15,0,0.0,1,0,1,-201707.0788290632,431225.75430753327,24_V3_041,1,0,1.6967311068254,0.070961349047619,0.08452336619047598,0.0074072773015870005,0.0074072773015870005,0.007229506825396999,0.644757820634921,3.56666667e-07,0.007821589047619001
8050220,24_V3_042,14.176939612344649,50.087826153461215,1,634,563.15,0,0.0,1,0,1,-201799.4717876081,431186.82049492386,24_V3_042,1,0,1.6967311068254,0.070961349047619,0.08452336619047598,0.0074072773015870005,0.0074072773015870005,0.007229506825396999,0.644757820634921,3.56666667e-07,0.007821589047619001
8050220,24_V3_043,14.1756814041111,50.08744873243808,1,647,563.15,0,0.0,1,0,1,-201890.8708199136,431147.9911158484,24_V3_043,1,0,1.6967311068254,0.070961349047619,0.08452336619047598,0.0074072773015870005,0.0074072773015870005,0.007229506825396999,0.644757820634921,3.56666667e-07,0.007821589047619001
8050220,24_V3_044,14.174407425730562,50.08707894705737,1,660,563.15,0,0.0,1,0,1,-201983.36766104863,431110.053716531,24_V3_044,1,0,1.6967311068254,0.070961349047619,0.08452336619047598,0.0074072773015870005,0.0074072773015870005,0.007229506825396999,0.644757820634921,3.56666667e-07,0.007821589047619001
8050220,24_V3_045,14.17313541762753,50.08670024346616,1,673,563.15,0,0.0,1,0,1,-202075.76039659363,431071.1196639977,24_V3_045,1,0,1.6967311068254,0.070961349047619,0.08452336619047598,0.0074072773015870005,0.0074072773015870005,0.007229506825396999,0.644757820634921,3.56666667e-07,0.007821589047619001
8050220,24_V3_046,14.171863429539592,50.08632152591853,1,686,563.15,0,0.0,1,0,1,-202168.15305731609,431032.1855313386,24_V3_046,1,0,1.6967311068254,0.070961349047619,0.08452336619047598,0.0074072773015870005,0.0074072773015870005,0.007229506825396999,0.644757820634921,3.56666667e-07,0.007821589047619001
8050220,24_V3_047,14.170589510323094,50.08595169858582,1,699,563.15,0,0.0,1,0,1,-202260.64967752335,430994.24788968795,24_V3_047,1,0,1.6967311068254,0.070961349047619,0.08452336619047598,0.0074072773015870005,0.0074072773015870005,0.007229506825396999,0.644757820634921,3.56666667e-07,0.007821589047619001
8050220,24_V3_048,14.169317562046508,50.08557295310569,1,713,563.15,0,0.0,1,0,1,-202353.04218944968,430955.3135962944,24_V3_048,1,0,1.6967311068254,0.070961349047619,0.08452336619047598,0.0074072773015870005,0.0074072773015870005,0.007229506825396999,0.644757820634921,3.56666667e-07,0.007821589047619001
8050220,24_V3_049,14.168059472476314,50.085195449363574,1,726,563.15,0,0.0,1,0,1,-202444.44077811926,430916.48374234245,24_V3_049,1,0,1.6967311068254,0.070961349047619,0.08452336619047598,0.0074072773015870005,0.0074072773015870005,0.007229506825396999,0.644757820634921,3.56666667e-07,0.007821589047619001
8050220,24_V3_050,14.166785612288274,50.084825580233954,1,739,563.15,0,0.0,1,0,1,-202536.93717779388,430878.5458593818,24_V3_050,1,0,1.6967311068254,0.070961349047619,0.08452336619047598,0.0074072773015870005,0.0074072773015870005,0.007229506825396999,0.644757820634921,3.56666667e-07,0.007821589047619001
8050220,24_V3_051,14.165513723699991,50.08444679301971,1,752,563.15,0,0.0,1,0,1,-202629.32946650602,430839.61132614076,24_V3_051,1,0,1.6967311068254,0.070961349047619,0.08452336619047598,0.0074072773015870005,0.0074072773015870005,0.007229506825396999,0.644757820634921,3.56666667e-07,0.007821589047619001
8050220,24_V3_052,14.16424185512935,50.08406799185111,1,765,563.15,0,0.0,1,0,1,-202721.72168032516,430800.6767127869,24_V3_052,1,0,1.6967311068254,0.070961349047619,0.08452336619047598,0.0074072773015870005,0.0074072773015870005,0.007229506825396999,0.644757820634921,3.56666667e-07,0.007821589047619001
8050220,24_V3_053,14.162968054113216,50.08369808077594,1,778,563.15,0,0.0,1,0,1,-202814.21785885646,430762.7385875665,24_V3_053,1,0,1.6967311068254,0.070961349047619,0.08452336619047598,0.0074072773015870005,0.0074072773015870005,0.007229506825396999,0.644757820634921,3.56666667e-07,0.007821589047619001
8050220,24_V3_054,14.161710063344678,50.0833205081294,1,791,563.15,0,0.0,1,0,1,-202905.61607787907,430723.90833799436,24_V3_054,1,0,1.6967311068254,0.070961349047619,0.08452336619047598,0.0074072773015870005,0.0074072773015870005,0.007229506825396999,0.644757820634921,3.56666667e-07,0.007821589047619001
8050220,24_V3_055,14.160438254467447,50.08294166523099,1,804,563.15,0,0.0,1,0,1,-202998.00806834077,430684.97348483896,24_V3_055,1,0,1.6967311068254,0.070961349047619,0.08452336619047598,0.0074072773015870005,0.0074072773015870005,0.007229506825396999,0.644757820634921,3.56666667e-07,0.007821589047619001
8050220,24_V3_056,14.159164512487594,50.08257171236537,1,817,563.15,0,0.0,1,0,1,-203090.50402612519,430647.0351183787,24_V3_056,1,0,1.6967311068254,0.070961349047619,0.08452336619047598,0.0074072773015870005,0.0074072773015870005,0.007229506825396999,0.644757820634921,3.56666667e-07,0.007821589047619001
8050220,24_V3_057,14.157892743429455,50.08219284154096,1,830,563.15,0,0.0,1,0,1,-203182.89586757528,430608.1001045581,24_V3_057,1,0,1.6967311068254,0.070961349047619,0.08452336619047598,0.0074072773015870005,0.0074072773015870005,0.007229506825396999,0.644757820634921,3.56666667e-07,0.007821589047619001
8050220,24_V3_058,14.156620994391535,50.08181395676442,1,843,563.15,0,0.0,1,0,1,-203275.28763405886,430569.16501065576,24_V3_058,1,0,1.6967311068254,0.070961349047619,0.08452336619047598,0.0074072773015870005,0.0074072773015870005,0.007229506825396999,0.644757820634921,3.56666667e-07,0.007821589047619001
8050220,24_V3_059,14.155347311591436,50.08144396195971,1,856,563.15,0,0.0,1,0,1,-203367.7833704855,430531.22640200146,24_V3_059,1,0,1.6967311068254,0.070961349047619,0.08452336619047598,0.0074072773015870005,0.0074072773015870005,0.007229506825396999,0.644757820634921,3.56666667e-07,0.007821589047619001
8050220,24_V3_060,14.154089439514067,50.081066306617785,1,869,563.15,0,0.0,1,0,1,-203459.1811450901,430492.39567780885,24_V3_060,1,0,1.6967311068254,0.070961349047619,0.08452336619047598,0.0074072773015870005,0.0074072773015870005,0.007229506825396999,0.644757820634921,3.56666667e-07,0.007821589047619001
8050220,24_V3_061,14.15281775017722,50.08068738011792,1,882,563.15,0,0.0,1,0,1,-203551.57268800246,430453.46034417424,24_V3_061,1,0,1.6967311068254,0.070961349047619,0.08452336619047598,0.0074072773015870005,0.0074072773015870005,0.007229506825396999,0.644757820634921,3.56666667e-07,0.007821589047619001
8050220,24_V3_062,14.151544126421234,50.08031734352916,1,895,563.15,0,0.0,1,0,1,-203644.06820346628,430415.5214943479,24_V3_062,1,0,1.6967311068254,0.070961349047619,0.08452336619047598,0.0074072773015870005,0.0074072773015870005,0.007229506825396999,0.644757820634921,3.56666667e-07,0.007821589047619001
8050220,24_V3_063,14.150272476908636,50.07993838910761,1,908,563.15,0,0.0,1,0,1,-203736.45959722323,430376.5860000941,24_V3_063,1,0,1.6967311068254,0.070961349047619,0.08452336619047598,0.0074072773015870005,0.0074072773015870005,0.007229506825396999,0.644757820634921,3.56666667e-07,0.007821589047619001
8050220,12_V2_001,14.27074749312818,50.09707177158032,1,6,563.15,0,0.0,1,0,1,-195061.0984468426,431981.8122114194,12_V2_001,1,0,0.289865228461538,0.006497694615385,0.011321208461538,0.0010914753846150002,0.0010914753846150002,0.0010652746153849999,0.11014878692307699,5.8461537999999996e-08,0.0009677561538460001
8050220,12_V2_002,14.271901192950509,50.096503508027716,1,13,563.15,0,0.0,1,0,1,-194980.85286057505,431915.6885565081,12_V2_002,1,0,0.289865228461538,0.006497694615385,0.011321208461538,0.0010914753846150002,0.0010914753846150002,0.0010652746153849999,0.11014878692307699,5.8461537999999996e-08,0.0009677561538460001
8050220,12_V2_003,14.273052932937418,50.09594413883438,1,20,563.15,0,0.0,1,0,1,-194900.71134288303,431850.5614565754,12_V2_003,1,0,0.289865228461538,0.006497694615385,0.011321208461538,0.0010914753846150002,0.0010914753846150002,0.0010652746153849999,0.11014878692307699,5.8461537999999996e-08,0.0009677561538460001
8050220,12_V2_004,14.274206578486881,50.09537585230774,1,27,563.15,0,0.0,1,0,1,-194820.4659708281,431784.43773283047,12_V2_004,1,0,0.289865228461538,0.006497694615385,0.011321208461538,0.0010914753846150002,0.0010914753846150002,0.0010652746153849999,0.11014878692307699,5.8461537999999996e-08,0.0009677561538460001
8050220,12_V2_005,14.275372108904634,50.09481770309301,1,34,563.15,0,0.0,1,0,1,-194739.33079938788,431719.4149980339,12_V2_005,1,0,0.289865228461538,0.006497694615385,0.011321208461538,0.0010914753846150002,0.0010914753846150002,0.0010652746153849999,0.11014878692307699,5.8461537999999996e-08,0.0009677561538460001
8050220,12_V2_006,14.276525700049698,50.09424939345713,1,41,563.15,0,0.0,1,0,1,-194659.08564205514,431653.2912045069,12_V2_006,1,0,0.289865228461538,0.006497694615385,0.011321208461538,0.0010914753846150002,0.0010914753846150002,0.0010652746153849999,0.11014878692307699,5.8461537999999996e-08,0.0009677561538460001
8050220,12_V2_007,14.277677332307615,50.09368997826285,1,48,563.15,0,0.0,1,0,1,-194578.94454966,431588.1639640314,12_V2_007,1,0,0.289865228461538,0.006497694615385,0.011321208461538,0.0010914753846150002,0.0010914753846150002,0.0010652746153849999,0.11014878692307699,5.8461537999999996e-08,0.0009677561538460001
8050220,12_V2_008,14.278844713016882,50.09312288815546,1,54,563.15,0,0.0,1,0,1,-194497.7057419664,431522.14453372546,12_V2_008,1,0,0.289865228461538,0.006497694615385,0.011321208461538,0.0010914753846150002,0.0010914753846150002,0.0010652746153849999,0.11014878692307699,5.8461537999999996e-08,0.0009677561538460001
8050220,12_V2_009,14.279996291348073,50.092563449895046,1,61,563.15,0,0.0,1,0,1,-194417.5648624129,431457.0172225173,12_V2_009,1,0,0.289865228461538,0.006497694615385,0.011321208461538,0.0010914753846150002,0.0010914753846150002,0.0010652746153849999,0.11014878692307699,5.8461537999999996e-08,0.0009677561538460001
8050220,12_V2_010,14.281147842900175,50.092004000180715,1,68,563.15,0,0.0,1,0,1,-194337.4240885362,431391.88987618283,12_V2_010,1,0,0.289865228461538,0.006497694615385,0.011321208461538,0.0010914753846150002,0.0010914753846150002,0.0010652746153849999,0.11014878692307699,5.8461537999999996e-08,0.0009677561538460001
8050220,12_V2_011,14.282301298363436,50.091435632995555,1,75,563.15,0,0.0,1,0,1,-194257.17946646432,431325.7659094475,12_V2_011,1,0,0.289865228461538,0.006497694615385,0.011321208461538,0.0010914753846150002,0.0010914753846150002,0.0010652746153849999,0.11014878692307699,5.8461537999999996e-08,0.0009677561538460001
8050220,12_V2_012,14.283466639428624,50.09087740230411,1,82,563.15,0,0.0,1,0,1,-194176.04504256265,431260.7429215271,12_V2_012,1,0,0.289865228461538,0.006497694615385,0.011321208461538,0.0010914753846150002,0.0010914753846150002,0.0010652746153849999,0.11014878692307699,5.8461537999999996e-08,0.0009677561538460001
8050220,12_V2_013,14.284620040495696,50.0903090120162,1,89,563.15,0,0.0,1,0,1,-194095.80063501414,431194.61888504366,12_V2_013,1,0,0.289865228461538,0.006497694615385,0.011321208461538,0.0010914753846150002,0.0010914753846150002,0.0010652746153849999,0.11014878692307699,5.8461537999999996e-08,0.0009677561538460001
8050220,12_V3_001,14.285783397397568,50.08975966406558,1,99,563.15,0,0.0,1,0,1,-194014.77037609773,431130.59240832325,12_V3_001,1,0,0.10073816428571401,0.00421311031746,0.005018315079365,0.00043978698412699995,0.00043978698412699995,0.00042923079365099996,0.038280502380952,2.1111111e-08,0.00046446365079400004
8050220,12_V3_002,14.28690326924549,50.089215485913705,1,112,563.15,0,0.0,1,0,1,-193936.82575410343,431067.2492011556,12_V3_002,1,0,0.10073816428571401,0.00421311031746,0.005018315079365,0.00043978698412699995,0.00043978698412699995,0.00042923079365099996,0.038280502380952,2.1111111e-08,0.00046446365079400004
8050220,12_V3_003,14.288009272977538,50.088670055521746,1,125,563.15,0,0.0,1,0,1,-193859.87509202913,431003.80153641,12_V3_003,1,0,0.10073816428571401,0.00421311031746,0.005018315079365,0.00043978698412699995,0.00043978698412699995,0.00042923079365099996,0.038280502380952,2.1111111e-08,0.00046446365079400004
8050220,12_V3_004,14.289129094296547,50.08812585583878,1,138,563.15,0,0.0,1,0,1,-193781.93066925343,430940.45826376014,12_V3_004,1,0,0.10073816428571401,0.00421311031746,0.005018315079365,0.00043978698412699995,0.00043978698412699995,0.00042923079365099996,0.038280502380952,2.1111111e-08,0.00046446365079400004
8050220,12_V3_005,14.290235047757076,50.08758040418115,1,151,563.15,0,0.0,1,0,1,-193704.9802052879,430877.01053540147,12_V3_005,1,0,0.10073816428571401,0.00421311031746,0.005018315079365,0.00043978698412699995,0.00043978698412699995,0.00042923079365099996,0.038280502380952,2.1111111e-08,0.00046446365079400004
8050220,12_V3_006,14.29135481854925,50.08703618296879,1,164,563.15,0,0.0,1,0,1,-193627.0359816808,430813.6671972822,12_V3_006,1,0,0.10073816428571401,0.00421311031746,0.005018315079365,0.00043978698412699995,0.00043978698412699995,0.00042923079365099996,0.038280502380952,2.1111111e-08,0.00046446365079400004
8050220,12_V3_007,14.292474564014912,50.086491950925804,1,177,563.15,0,0.0,1,0,1,-193549.0918579073,430750.3238259678,12_V3_007,1,0,0.10073816428571401,0.00421311031746,0.005018315079365,0.00043978698412699995,0.00043978698412699995,0.00042923079365099996,0.038280502380952,2.1111111e-08,0.00046446365079400004
8050220,12_V3_008,14.293578513624187,50.085955373520406,1,190,563.15,0,0.0,1,0,1,-193472.24563641878,430687.87258231343,12_V3_008,1,0,0.10073816428571401,0.00421311031746,0.005018315079365,0.00043978698412699995,0.00043978698412699995,0.00042923079365099996,0.038280502380952,2.1111111e-08,0.00046446365079400004
8050220,12_V3_009,14.29469820879502,50.08541111996993,1,203,563.15,0,0.0,1,0,1,-193394.30171087294,430624.52914507204,12_V3_009,1,0,0.10073816428571401,0.00421311031746,0.005018315079365,0.00043978698412699995,0.00043978698412699995,0.00042923079365099996,0.038280502380952,2.1111111e-08,0.00046446365079400004
8050220,12_V3_010,14.29580403674803,50.08486561510888,1,216,563.15,0,0.0,1,0,1,-193317.3517413761,430561.0812567837,12_V3_010,1,0,0.10073816428571401,0.00421311031746,0.005018315079365,0.00043978698412699995,0.00043978698412699995,0.00042923079365099996,0.038280502380952,2.1111111e-08,0.00046446365079400004
8050220,12_V3_011,14.296923681397278,50.084321340033206,1,229,563.15,0,0.0,1,0,1,-193239.4080148704,430497.7377540997,12_V3_011,1,0,0.10073816428571401,0.00421311031746,0.005018315079365,0.00043978698412699995,0.00043978698412699995,0.00042923079365099996,0.038280502380952,2.1111111e-08,0.00046446365079400004
8050220,12_V3_012,14.298029459086141,50.083775813912325,1,242,563.15,0,0.0,1,0,1,-193162.45824330495,430434.2898022317,12_V3_012,1,0,0.10073816428571401,0.00421311031746,0.005018315079365,0.00043978698412699995,0.00043978698412699995,0.00042923079365099996,0.038280502380952,2.1111111e-08,0.00046446365079400004
8050220,12_V3_013,14.299149053215887,50.08323151731309,1,255,563.15,0,0.0,1,0,1,-193084.51471578976,430370.94623411284,12_V3_013,1,0,0.10073816428571401,0.00421311031746,0.005018315079365,0.00043978698412699995,0.00043978698412699995,0.00042923079365099996,0.038280502380952,2.1111111e-08,0.00046446365079400004
8050220,12_V3_014,14.300254780642685,50.08268596993394,1,268,563.15,0,0.0,1,0,1,-193007.56514210746,430307.4982186642,12_V3_014,1,0,0.10073816428571401,0.00421311031746,0.005018315079365,0.00043978698412699995,0.00043978698412699995,0.00042923079365099996,0.038280502380952,2.1111111e-08,0.00046446365079400004
8050220,12_V3_015,14.301374324255052,50.082141651812904,1,281,563.15,0,0.0,1,0,1,-192929.62181353007,430244.15458512976,12_V3_015,1,0,0.10073816428571401,0.00421311031746,0.005018315079365,0.00043978698412699995,0.00043978698412699995,0.00042923079365099996,0.038280502380952,2.1111111e-08,0.00046446365079400004
8050220,12_V3_016,14.302493842545571,50.08159732286497,1,294,563.15,0,0.0,1,0,1,-192851.67858467423,430180.8109184122,12_V3_016,1,0,0.10073816428571401,0.00421311031746,0.005018315079365,0.00043978698412699995,0.00043978698412699995,0.00042923079365099996,0.038280502380952,2.1111111e-08,0.00046446365079400004
8050220,12_V3_017,14.303599494518974,50.081051743535916,1,308,563.15,0,0.0,1,0,1,-192774.72930799046,430117.3628071611,12_V3_017,1,0,0.10073816428571401,0.00421311031746,0.005018315079365,0.00043978698412699995,0.00043978698412699995,0.00042923079365099996,0.038280502380952,2.1111111e-08,0.00046446365079400004
8050220,12_V3_018,14.304718962295249,50.08050739306866,1,321,563.15,0,0.0,1,0,1,-192696.78627799745,430054.01907503844,12_V3_018,1,0,0.10073816428571401,0.00421311031746,0.005018315079365,0.00043978698412699995,0.00043978698412699995,0.00042923079365099996,0.038280502380952,2.1111111e-08,0.00046446365079400004
8050220,12_V3_019,14.305822638131904,50.07997069891146,1,334,563.15,0,0.0,1,0,1,-192619.94113474467,429991.5674756833,12_V3_019,1,0,0.10073816428571401,0.00421311031746,0.005018315079365,0.00043978698412699995,0.00043978698412699995,0.00042923079365099996,0.038280502380952,2.1111111e-08,0.00046446365079400004
8050220,12_V3_020,14.306942055624779,50.07942632694586,1,347,563.15,0,0.0,1,0,1,-192541.99830269988,429928.2236776923,12_V3_020,1,0,0.10073816428571401,0.00421311031746,0.005018315079365,0.00043978698412699995,0.00043978698412699995,0.00042923079365099996,0.038280502380952,2.1111111e-08,0.00046446365079400004
8050220,12_V3_021,14.308047607312975,50.07888070512955,1,360,563.15,0,0.0,1,0,1,-192465.04942062253,429864.7754388835,12_V3_021,1,0,0.10073816428571401,0.00421311031746,0.005018315079365,0.00043978698412699995,0.00043978698412699995,0.00042923079365099996,0.038280502380952,2.1111111e-08,0.00046446365079400004
8050220,12_V3_022,14.30916697429579,50.078336311647995,1,373,563.15,0,0.0,1,0,1,-192387.10678733815,429801.43157550646,12_V3_022,1,0,0.10073816428571401,0.00421311031746,0.005018315079365,0.00043978698412699995,0.00043978698412699995,0.00042923079365099996,0.038280502380952,2.1111111e-08,0.00046446365079400004
8050220,12_V3_023,14.310272475731391,50.077790668580924,1,386,563.15,0,0.0,1,0,1,-192310.15810291754,429737.9832731646,12_V3_023,1,0,0.10073816428571401,0.00421311031746,0.005018315079365,0.00043978698412699995,0.00043978698412699995,0.00042923079365099996,0.038280502380952,2.1111111e-08,0.00046446365079400004
8050220,12_V3_024,14.311391792206242,50.07724625358503,1,399,563.15,0,0.0,1,0,1,-192232.21566834333,429674.6393444087,12_V3_024,1,0,0.10073816428571401,0.00421311031746,0.005018315079365,0.00043978698412699995,0.00043978698412699995,0.00042923079365099996,0.038280502380952,2.1111111e-08,0.00046446365079400004
8050220,12_V3_025,14.312497243391402,50.076700589268924,1,412,563.15,0,0.0,1,0,1,-192155.26718152533,429611.1909785514,12_V3_025,1,0,0.10073816428571401,0.00421311031746,0.005018315079365,0.00043978698412699995,0.00043978698412699995,0.00042923079365099996,0.038280502380952,2.1111111e-08,0.00046446365079400004
8050220,12_V3_026,14.313616509360378,50.07615615276034,1,425,563.15,0,0.0,1,0,1,-192077.3249456116,429547.8469844229,12_V3_026,1,0,0.10073816428571401,0.00421311031746,0.005018315079365,0.00043978698412699995,0.00043978698412699995,0.00042923079365099996,0.038280502380952,2.1111111e-08,0.00046446365079400004
8050220,12_V3_027,14.314735750013252,50.07561170542951,1,438,563.15,0,0.0,1,0,1,-191999.3828092796,429484.5029571431,12_V3_027,1,0,0.10073816428571401,0.00421311031746,0.005018315079365,0.00043978698412699995,0.00043978698412699995,0.00042923079365099996,0.038280502380952,2.1111111e-08,0.00046446365079400004
8050220,12_V3_028,14.315841125762393,50.07506600917722,1,451,563.15,0,0.0,1,0,1,-191922.43461904282,429421.05449556466,12_V3_028,1,0,0.10073816428571401,0.00421311031746,0.005018315079365,0.00043978698412699995,0.00043978698412699995,0.00042923079365099996,0.038280502380952,2.1111111e-08,0.00046446365079400004
8050220,12_V3_029,14.31696031591254,50.07452154033619,1,464,563.15,0,0.0,1,0,1,-191844.4926812948,429357.7104029265,12_V3_029,1,0,0.10073816428571401,0.00421311031746,0.005018315079365,0.00043978698412699995,0.00043978698412699995,0.00042923079365099996,0.038280502380952,2.1111111e-08,0.00046446365079400004
8050220,12_V3_030,14.31806564141648,50.07397582283897,1,477,563.15,0,0.0,1,0,1,-191767.54468853702,429294.2618778489,12_V3_030,1,0,0.10073816428571401,0.00421311031746,0.005018315079365,0.00043978698412699995,0.00043978698412699995,0.00042923079365099996,0.038280502380952,2.1111111e-08,0.00046446365079400004
8050220,12_V3_031,14.319182857917127,50.073440239146976,1,490,563.15,0,0.0,1,0,1,-191689.7068746856,429231.9142897318,12_V3_031,1,0,0.10073816428571401,0.00421311031746,0.005018315079365,0.00043978698412699995,0.00043978698412699995,0.00042923079365099996,0.038280502380952,2.1111111e-08,0.00046446365079400004
8050220,12_V3_032,14.3202881334041,50.072894500425605,1,504,563.15,0,0.0,1,0,1,-191612.75907850315,429168.4657006968,12_V3_032,1,0,0.10073816428571401,0.00421311031746,0.005018315079365,0.00043978698412699995,0.00043978698412699995,0.00042923079365099996,0.038280502380952,2.1111111e-08,0.00046446365079400004
8050220,12_V3_033,14.321407222783742,50.072349988588726,1,517,563.15,0,0.0,1,0,1,-191534.81753690593,429105.1214769217,12_V3_033,1,0,0.10073816428571401,0.00421311031746,0.005018315079365,0.00043978698412699995,0.00043978698412699995,0.00042923079365099996,0.038280502380952,2.1111111e-08,0.00046446365079400004
8050220,12_V3_034,14.322512448029725,50.071804228625716,1,530,563.15,0,0.0,1,0,1,-191457.86993810112,429041.6728244066,12_V3_034,1,0,0.10073816428571401,0.00421311031746,0.005018315079365,0.00043978698412699995,0.00043978698412699995,0.00042923079365099996,0.038280502380952,2.1111111e-08,0.00046446365079400004
8050220,12_V3_035,14.323631486912928,50.071259695283686,1,543,563.15,0,0.0,1,0,1,-191379.92859493548,428978.3285353056,12_V3_035,1,0,0.10073816428571401,0.00421311031746,0.005018315079365,0.00043978698412699995,0.00043978698412699995,0.00042923079365099996,0.038280502380952,2.1111111e-08,0.00046446365079400004
8050220,12_V3_036,14.324750500484727,50.07071515112321,1,556,563.15,0,0.0,1,0,1,-191301.98735123704,428914.98421308096,12_V3_036,1,0,0.10073816428571401,0.00421311031746,0.005018315079365,0.00043978698412699995,0.00043978698412699995,0.00042923079365099996,0.038280502380952,2.1111111e-08,0.00046446365079400004
8050220,12_V3_037,14.32585565030889,50.07016935923522,1,569,563.15,0,0.0,1,0,1,-191225.0400486736,428851.5354649069,12_V3_037,1,0,0.10073816428571401,0.00421311031746,0.005018315079365,0.00043978698412699995,0.00043978698412699995,0.00042923079365099996,0.038280502380952,2.1111111e-08,0.00046446365079400004
8050220,12_V3_038,14.326974613387414,50.06962479357211,1,582,563.15,0,0.0,1,0,1,-191147.09900332915,428788.1910773712,12_V3_038,1,0,0.10073816428571401,0.00421311031746,0.005018315079365,0.00043978698412699995,0.00043978698412699995,0.00042923079365099996,0.038280502380952,2.1111111e-08,0.00046446365079400004
8050220,12_V3_039,14.328079712975846,50.06907898044668,1,595,563.15,0,0.0,1,0,1,-191070.1518980184,428724.74226574466,12_V3_039,1,0,0.10073816428571401,0.00421311031746,0.005018315079365,0.00043978698412699995,0.00043978698412699995,0.00042923079365099996,0.038280502380952,2.1111111e-08,0.00046446365079400004
8050220,12_V3_040,14.329198625563176,50.068534393282576,1,608,563.15,0,0.0,1,0,1,-190992.21105097892,428661.3978129064,12_V3_040,1,0,0.10073816428571401,0.00421311031746,0.005018315079365,0.00043978698412699995,0.00043978698412699995,0.00042923079365099996,0.038280502380952,2.1111111e-08,0.00046446365079400004
8050220,12_V3_041,14.330303674918019,50.06798855892131,1,621,563.15,0,0.0,1,0,1,-190915.26414286802,428597.94893783313,12_V3_041,1,0,0.10073816428571401,0.00421311031746,0.005018315079365,0.00043978698412699995,0.00043978698412699995,0.00042923079365099996,0.038280502380952,2.1111111e-08,0.00046446365079400004
8050220,12_V3_042,14.331420616368439,50.067452857127314,1,634,563.15,0,0.0,1,0,1,-190837.42741001528,428535.6009844537,12_V3_042,1,0,0.10073816428571401,0.00421311031746,0.005018315079365,0.00043978698412699995,0.00043978698412699995,0.00042923079365099996,0.038280502380952,2.1111111e-08,0.00046446365079400004
8050220,12_V3_043,14.332525615717799,50.06690700155104,1,647,563.15,0,0.0,1,0,1,-190760.48069820306,428472.1520454802,12_V3_043,1,0,0.10073816428571401,0.00421311031746,0.005018315079365,0.00043978698412699995,0.00043978698412699995,0.00042923079365099996,0.038280502380952,2.1111111e-08,0.00046446365079400004
8050220,12_V3_044,14.333644427557536,50.066362371409376,1,660,563.15,0,0.0,1,0,1,-190682.54024676039,428408.80746160616,12_V3_044,1,0,0.10073816428571401,0.00421311031746,0.005018315079365,0.00043978698412699995,0.00043978698412699995,0.00042923079365099996,0.038280502380952,2.1111111e-08,0.00046446365079400004
8050220,12_V3_045,14.33476321409058,50.06581773045304,1,673,563.15,0,0.0,1,0,1,-190604.59989467013,428345.4628446304,12_V3_045,1,0,0.10073816428571401,0.00421311031746,0.005018315079365,0.00043978698412699995,0.00043978698412699995,0.00042923079365099996,0.038280502380952,2.1111111e-08,0.00046446365079400004
8050220,12_V3_046,14.335868138032314,50.06527184296298,1,686,563.15,0,0.0,1,0,1,-190527.6534787597,428282.0138100602,12_V3_046,1,0,0.10073816428571401,0.00421311031746,0.005018315079365,0.00043978698412699995,0.00043978698412699995,0.00042923079365099996,0.038280502380952,2.1111111e-08,0.00046446365079400004
8050220,12_V3_047,14.336986874081486,50.064727180511525,1,699,563.15,0,0.0,1,0,1,-190449.71332479763,428218.6691278172,12_V3_047,1,0,0.10073816428571401,0.00421311031746,0.005018315079365,0.00043978698412699995,0.00043978698412699995,0.00042923079365099996,0.038280502380952,2.1111111e-08,0.00046446365079400004
8050220,12_V3_048,14.338091747796982,50.064181271791455,1,713,563.15,0,0.0,1,0,1,-190372.76710591212,428155.22002983565,12_V3_048,1,0,0.10073816428571401,0.00421311031746,0.005018315079365,0.00043978698412699995,0.00043978698412699995,0.00042923079365099996,0.038280502380952,2.1111111e-08,0.00046446365079400004
8050220,12_V3_049,14.339210433364393,50.063636587846574,1,726,563.15,0,0.0,1,0,1,-190294.8271500261,428091.8752823381,12_V3_049,1,0,0.10073816428571401,0.00421311031746,0.005018315079365,0.00043978698412699995,0.00043978698412699995,0.00042923079365099996,0.038280502380952,2.1111111e-08,0.00046446365079400004
8050220,12_V3_050,14.340315256855767,50.063090657898165,1,739,563.15,0,0.0,1,0,1,-190217.8811281151,428028.42612095573,12_V3_050,1,0,0.10073816428571401,0.00421311031746,0.005018315079365,0.00043978698412699995,0.00043978698412699995,0.00042923079365099996,0.038280502380952,2.1111111e-08,0.00046446365079400004
8050220,12_V3_051,14.341433891943511,50.06254595246151,1,752,563.15,0,0.0,1,0,1,-190139.94137025534,427965.0813082122,12_V3_051,1,0,0.10073816428571401,0.00421311031746,0.005018315079365,0.00043978698412699995,0.00043978698412699995,0.00042923079365099996,0.038280502380952,2.1111111e-08,0.00046446365079400004
8050220,12_V3_052,14.342538665212881,50.062000001286385,1,765,563.15,0,0.0,1,0,1,-190062.9955452681,427901.6320834332,12_V3_052,1,0,0.10073816428571401,0.00421311031746,0.005018315079365,0.00043978698412699995,0.00043978698412699995,0.00042923079365099996,0.038280502380952,2.1111111e-08,0.00046446365079400004
8050220,12_V3_053,14.343657249823039,50.061455274359595,1,778,563.15,0,0.0,1,0,1,-189985.05598538538,427838.2872054522,12_V3_053,1,0,0.10073816428571401,0.00421311031746,0.005018315079365,0.00043978698412699995,0.00043978698412699995,0.00042923079365099996,0.038280502380952,2.1111111e-08,0.00046446365079400004
8050220,12_V3_054,14.344773891211672,50.0609194437222,1,791,563.15,0,0.0,1,0,1,-189907.220430392,427775.93885357096,12_V3_054,1,0,0.10073816428571401,0.00421311031746,0.005018315079365,0.00043978698412699995,0.00043978698412699995,0.00042923079365099996,0.038280502380952,2.1111111e-08,0.00046446365079400004
8050220,12_V3_055,14.345878589313536,50.06037346066361,1,804,563.15,0,0.0,1,0,1,-189830.2749001153,427712.48953279696,12_V3_055,1,0,0.10073816428571401,0.00421311031746,0.005018315079365,0.00043978698412699995,0.00043978698412699995,0.00042923079365099996,0.038280502380952,2.1111111e-08,0.00046446365079400004
8050220,12_V3_056,14.346997098375695,50.059828701457675,1,817,563.15,0,0.0,1,0,1,-189752.3356365089,427649.1445560503,12_V3_056,1,0,0.10073816428571401,0.00421311031746,0.005018315079365,0.00043978698412699995,0.00043978698412699995,0.00042923079365099996,0.038280502380952,2.1111111e-08,0.00046446365079400004
8050220,12_V3_057,14.348101746260786,50.05928269717649,1,830,563.15,0,0.0,1,0,1,-189675.39030303239,427585.6951719024,12_V3_057,1,0,0.10073816428571401,0.00421311031746,0.005018315079365,0.00043978698412699995,0.00043978698412699995,0.00042923079365099996,0.038280502380952,2.1111111e-08,0.00046446365079400004
8050220,12_V3_058,14.349220204850594,50.0587379164846,1,843,563.15,0,0.0,1,0,1,-189597.45123727585,427522.3501299431,12_V3_058,1,0,0.10073816428571401,0.00421311031746,0.005018315079365,0.00043978698412699995,0.00043978698412699995,0.00042923079365099996,0.038280502380952,2.1111111e-08,0.00046446365079400004
8050220,12_V3_059,14.350324802521046,50.05819189098256,1,856,563.15,0,0.0,1,0,1,-189520.50610054683,427458.9006824374,12_V3_059,1,0,0.10073816428571401,0.00421311031746,0.005018315079365,0.00043978698412699995,0.00043978698412699995,0.00042923079365099996,0.038280502380952,2.1111111e-08,0.00046446365079400004
8050220,12_V3_060,14.351443210640605,50.05764708880642,1,869,563.15,0,0.0,1,0,1,-189442.56723259005,427395.5555752781,12_V3_060,1,0,0.10073816428571401,0.00421311031746,0.005018315079365,0.00043978698412699995,0.00043978698412699995,0.00042923079365099996,0.038280502380952,2.1111111e-08,0.00046446365079400004
8050220,12_V3_061,14.352547758098524,50.05710104208513,1,882,563.15,0,0.0,1,0,1,-189365.62229255872,427332.10606442037,12_V3_061,1,0,0.10073816428571401,0.00421311031746,0.005018315079365,0.00043978698412699995,0.00043978698412699995,0.00042923079365099996,0.038280502380952,2.1111111e-08,0.00046446365079400004
8050220,12_V3_062,14.353666115749943,50.05655621842639,1,895,563.15,0,0.0,1,0,1,-189287.6836223502,427268.7608920653,12_V3_062,1,0,0.10073816428571401,0.00421311031746,0.005018315079365,0.00043978698412699995,0.00043978698412699995,0.00042923079365099996,0.038280502380952,2.1111111e-08,0.00046446365079400004
8050220,12_V3_063,14.354770612997424,50.0560101504875,1,908,563.15,0,0.0,1,0,1,-189210.7388789675,427205.31131786545,12_V3_063,1,0,0.10073816428571401,0.00421311031746,0.005018315079365,0.00043978698412699995,0.00043978698412699995,0.00042923079365099996,0.038280502380952,2.1111111e-08,0.00046446365079400004
8050220,30_V2_001,14.25794586539384,50.10323946216879,1,6,563.15,0,0.0,1,0,1,-195951.9200886545,432700.2573505282,30_V2_001,1,0,0.15454766230769199,0.0034643853846149995,0.006036143076923001,0.000581928461538,0.000581928461538,0.00056796,0.058728111538461,3.0769231e-08,0.000515796153846
8050220,30_V2_002,14.256779928720059,50.1037974359505,1,13,563.15,0,0.0,1,0,1,-196033.0568661866,432765.2795361753,30_V2_002,1,0,0.15454766230769199,0.0034643853846149995,0.006036143076923001,0.000581928461538,0.000581928461538,0.00056796,0.058728111538461,3.0769231e-08,0.000515796153846
8050220,30_V2_003,14.255615901138842,50.10434649244049,1,20,563.15,0,0.0,1,0,1,-196114.08977626511,432829.3050883214,30_V2_003,1,0,0.15454766230769199,0.0034643853846149995,0.006036143076923001,0.000581928461538,0.000581928461538,0.00056796,0.058728111538461,3.0769231e-08,0.000515796153846
8050220,30_V2_004,14.254451846980311,50.104895537231855,1,27,563.15,0,0.0,1,0,1,-196195.12279162466,432893.33060239186,30_V2_004,1,0,0.15454766230769199,0.0034643853846149995,0.006036143076923001,0.000581928461538,0.000581928461538,0.00056796,0.058728111538461,3.0769231e-08,0.000515796153846
8050220,30_V2_005,14.253285829624033,50.105453475836605,1,34,563.15,0,0.0,1,0,1,-196276.25988860233,432958.3526757139,30_V2_005,1,0,0.15454766230769199,0.0034643853846149995,0.006036143076923001,0.000581928461538,0.000581928461538,0.00056796,0.058728111538461,3.0769231e-08,0.000515796153846
8050220,30_V2_006,14.252121722071822,50.10600249720904,1,41,563.15,0,0.0,1,0,1,-196357.29311546465,433022.3781141021,30_V2_006,1,0,0.15454766230769199,0.0034643853846149995,0.006036143076923001,0.000581928461538,0.000581928461538,0.00056796,0.058728111538461,3.0769231e-08,0.000515796153846
8050220,30_V2_007,14.250955650845071,50.10656041235336,1,48,563.15,0,0.0,1,0,1,-196438.43042577876,433087.4001126781,30_V2_007,1,0,0.15454766230769199,0.0034643853846149995,0.006036143076923001,0.000581928461538,0.000581928461538,0.00056796,0.058728111538461,3.0769231e-08,0.000515796153846
8050220,30_V2_008,14.24979148989703,50.10710941030502,1,54,563.15,0,0.0,1,0,1,-196519.4638642003,433151.4254753642,30_V2_008,1,0,0.15454766230769199,0.0034643853846149995,0.006036143076923001,0.000581928461538,0.000581928461538,0.00056796,0.058728111538461,3.0769231e-08,0.000515796153846
8050220,30_V2_009,14.248627302369055,50.10765839655574,1,61,563.15,0,0.0,1,0,1,-196600.49740797,433215.45079996187,30_V2_009,1,0,0.15454766230769199,0.0034643853846149995,0.006036143076923001,0.000581928461538,0.000581928461538,0.00056796,0.058728111538461,3.0769231e-08,0.000515796153846
8050220,30_V2_010,14.247461150451624,50.10821627651611,1,68,563.15,0,0.0,1,0,1,-196681.635037942,433280.47268616274,30_V2_010,1,0,0.15454766230769199,0.0034643853846149995,0.006036143076923001,0.000581928461538,0.000581928461538,0.00056796,0.058728111538461,3.0769231e-08,0.000515796153846
8050220,30_V2_011,14.246296909524615,50.10876523934327,1,75,563.15,0,0.0,1,0,1,-196762.66879335477,433344.4979350386,30_V2_011,1,0,0.15454766230769199,0.0034643853846149995,0.006036143076923001,0.000581928461538,0.000581928461538,0.00056796,0.058728111538461,3.0769231e-08,0.000515796153846
8050220,30_V2_012,14.245130703731274,50.10932309583854,1,82,563.15,0,0.0,1,0,1,-196843.8066368021,433409.519746468,30_V2_012,1,0,0.15454766230769199,0.0034643853846149995,0.006036143076923001,0.000581928461538,0.000581928461538,0.00056796,0.058728111538461,3.0769231e-08,0.000515796153846
8050220,30_V2_013,14.24396640940308,50.10987203524023,1,89,563.15,0,0.0,1,0,1,-196924.840603914,433473.54491960636,30_V2_013,1,0,0.15454766230769199,0.0034643853846149995,0.006036143076923001,0.000581928461538,0.000581928461538,0.00056796,0.058728111538461,3.0769231e-08,0.000515796153846
8050220,30_V3_001,14.242829784262893,50.110423456500406,1,99,563.15,0,0.0,1,0,1,-197003.88691306478,433537.7789789269,30_V3_001,1,0,0.06379018984127,0.002667855714286,0.003177733809524,0.000278481904762,0.000278481904762,0.000271797301587,0.024240272222222,1.3333333000000001e-08,0.000294010952381
8050220,30_V3_002,14.241710859039813,50.11095830289589,1,112,563.15,0,0.0,1,0,1,-197081.73147260712,433600.1242629152,30_V3_002,1,0,0.06379018984127,0.002667855714286,0.003177733809524,0.000278481904762,0.000278481904762,0.000271797301587,0.024240272222222,1.3333333000000001e-08,0.000294010952381
8050220,30_V3_003,14.240589969712346,50.11150204377242,1,125,563.15,0,0.0,1,0,1,-197159.6801169797,433663.46611518617,30_V3_003,1,0,0.06379018984127,0.002667855714286,0.003177733809524,0.000278481904762,0.000278481904762,0.000271797301587,0.024240272222222,1.3333333000000001e-08,0.000294010952381
8050220,30_V3_004,14.239469055034899,50.11204577379922,1,138,563.15,0,0.0,1,0,1,-197237.62886176663,433726.8079341383,30_V3_004,1,0,0.06379018984127,0.002667855714286,0.003177733809524,0.000278481904762,0.000278481904762,0.000271797301587,0.024240272222222,1.3333333000000001e-08,0.000294010952381
8050220,30_V3_005,14.238348115006973,50.11258949297589,1,151,563.15,0,0.0,1,0,1,-197315.5777069801,433790.14971977076,30_V3_005,1,0,0.06379018984127,0.002667855714286,0.003177733809524,0.000278481904762,0.000278481904762,0.000271797301587,0.024240272222222,1.3333333000000001e-08,0.000294010952381
8050220,30_V3_006,14.23722908952903,50.11312429606936,1,164,563.15,0,0.0,1,0,1,-197393.4226638554,433852.4948681349,30_V3_006,1,0,0.06379018984127,0.002667855714286,0.003177733809524,0.000278481904762,0.000278481904762,0.000271797301587,0.024240272222222,1.3333333000000001e-08,0.000294010952381
8050220,30_V3_007,14.236121947675393,50.11366924114147,1,177,563.15,0,0.0,1,0,1,-197470.37782415422,433915.94105440006,30_V3_007,1,0,0.06379018984127,0.002667855714286,0.003177733809524,0.000278481904762,0.000278481904762,0.000271797301587,0.024240272222222,1.3333333000000001e-08,0.000294010952381
8050220,30_V3_008,14.235000931949903,50.114212927918,1,190,563.15,0,0.0,1,0,1,-197548.3269693125,433979.28274051857,30_V3_008,1,0,0.06379018984127,0.002667855714286,0.003177733809524,0.000278481904762,0.000278481904762,0.000271797301587,0.024240272222222,1.3333333000000001e-08,0.000294010952381
8050220,30_V3_009,14.233881831457847,50.11474769866853,1,203,563.15,0,0.0,1,0,1,-197626.17222356828,434041.6277879622,30_V3_009,1,0,0.06379018984127,0.002667855714286,0.003177733809524,0.000278481904762,0.000278481904762,0.000271797301587,0.024240272222222,1.3333333000000001e-08,0.000294010952381
8050220,30_V3_010,14.232760765256119,50.11529136376054,1,216,563.15,0,0.0,1,0,1,-197704.121568824,434104.9694069445,30_V3_010,1,0,0.06379018984127,0.002667855714286,0.003177733809524,0.000278481904762,0.000278481904762,0.000271797301587,0.024240272222222,1.3333333000000001e-08,0.000294010952381
8050220,30_V3_011,14.231639673700778,50.115835017999885,1,229,563.15,0,0.0,1,0,1,-197782.0710145843,434168.3109925909,30_V3_011,1,0,0.06379018984127,0.002667855714286,0.003177733809524,0.000278481904762,0.000278481904762,0.000271797301587,0.024240272222222,1.3333333000000001e-08,0.000294010952381
8050220,30_V3_012,14.23052049806488,50.116369756270636,1,242,563.15,0,0.0,1,0,1,-197859.91656686945,434230.6559381478,30_V3_012,1,0,0.06379018984127,0.002667855714286,0.003177733809524,0.000278481904762,0.000278481904762,0.000271797301587,0.024240272222222,1.3333333000000001e-08,0.000294010952381
8050220,30_V3_013,14.229413205439355,50.11691463719792,1,255,563.15,0,0.0,1,0,1,-197936.87232462034,434294.1019300151,30_V3_013,1,0,0.06379018984127,0.002667855714286,0.003177733809524,0.000278481904762,0.000278481904762,0.000271797301587,0.024240272222222,1.3333333000000001e-08,0.000294010952381
8050220,30_V3_014,14.228292038177175,50.11745825902955,1,268,563.15,0,0.0,1,0,1,-198014.82207055387,434357.44341609883,30_V3_014,1,0,0.06379018984127,0.002667855714286,0.003177733809524,0.000278481904762,0.000278481904762,0.000271797301587,0.024240272222222,1.3333333000000001e-08,0.000294010952381
8050220,30_V3_015,14.227170845559312,50.11800187000685,1,281,563.15,0,0.0,1,0,1,-198092.77191704238,434420.78486883664,30_V3_015,1,0,0.06379018984127,0.002667855714286,0.003177733809524,0.000278481904762,0.000278481904762,0.000271797301587,0.024240272222222,1.3333333000000001e-08,0.000294010952381
8050220,30_V3_016,14.226051569773448,50.11853656509192,1,294,563.15,0,0.0,1,0,1,-198170.61786663215,434483.12967959896,30_V3_016,1,0,0.06379018984127,0.002667855714286,0.003177733809524,0.000278481904762,0.000278481904762,0.000271797301587,0.024240272222222,1.3333333000000001e-08,0.000294010952381
8050220,30_V3_017,14.224930326672128,50.11908015437884,1,308,563.15,0,0.0,1,0,1,-198248.56791339823,434546.4710651666,30_V3_017,1,0,0.06379018984127,0.002667855714286,0.003177733809524,0.000278481904762,0.000278481904762,0.000271797301587,0.024240272222222,1.3333333000000001e-08,0.000294010952381
8050220,30_V3_018,14.223809058213561,50.11962373281003,1,321,563.15,0,0.0,1,0,1,-198326.51806075906,434609.8124173644,30_V3_018,1,0,0.06379018984127,0.002667855714286,0.003177733809524,0.000278481904762,0.000278481904762,0.000271797301587,0.024240272222222,1.3333333000000001e-08,0.000294010952381
8050220,30_V3_019,14.22270355744395,50.12015964457926,1,334,563.15,0,0.0,1,0,1,-198403.3704172106,434672.2616051907,30_V3_019,1,0,0.06379018984127,0.002667855714286,0.003177733809524,0.000278481904762,0.000278481904762,0.000271797301587,0.024240272222222,1.3333333000000001e-08,0.000294010952381
8050220,30_V3_020,14.221582238626508,50.12070320145088,1,347,563.15,0,0.0,1,0,1,-198481.3207643789,434735.6028911461,30_V3_020,1,0,0.06379018984127,0.002667855714286,0.003177733809524,0.000278481904762,0.000278481904762,0.000271797301587,0.024240272222222,1.3333333000000001e-08,0.000294010952381
8050220,30_V3_021,14.220460894450245,50.12124674746562,1,360,563.15,0,0.0,1,0,1,-198559.27121218067,434798.9441437359,30_V3_021,1,0,0.06379018984127,0.002667855714286,0.003177733809524,0.000278481904762,0.000278481904762,0.000271797301587,0.024240272222222,1.3333333000000001e-08,0.000294010952381
8050220,30_V3_022,14.219339524914673,50.121790282623046,1,373,563.15,0,0.0,1,0,1,-198637.22176062668,434862.2853629601,30_V3_022,1,0,0.06379018984127,0.002667855714286,0.003177733809524,0.000278481904762,0.000278481904762,0.000271797301587,0.024240272222222,1.3333333000000001e-08,0.000294010952381
8050220,30_V3_023,14.218220073810151,50.12232490202219,1,386,563.15,0,0.0,1,0,1,-198715.06840617454,434924.62993690616,30_V3_023,1,0,0.06379018984127,0.002667855714286,0.003177733809524,0.000278481904762,0.000278481904762,0.000271797301587,0.024240272222222,1.3333333000000001e-08,0.000294010952381
8050220,30_V3_024,14.217098653783916,50.122868415483325,1,399,563.15,0,0.0,1,0,1,-198793.0191550778,434987.9710889162,30_V3_024,1,0,0.06379018984127,0.002667855714286,0.003177733809524,0.000278481904762,0.000278481904762,0.000271797301587,0.024240272222222,1.3333333000000001e-08,0.000294010952381
8050220,30_V3_025,14.215991059331529,50.123413168056594,1,412,563.15,0,0.0,1,0,1,-198869.97610996585,435051.4166921939,30_V3_025,1,0,0.06379018984127,0.002667855714286,0.003177733809524,0.000278481904762,0.000278481904762,0.000271797301587,0.024240272222222,1.3333333000000001e-08,0.000294010952381
8050220,30_V3_026,14.214871533187035,50.12394775509146,1,425,563.15,0,0.0,1,0,1,-198947.82305354057,435113.76116507506,30_V3_026,1,0,0.06379018984127,0.002667855714286,0.003177733809524,0.000278481904762,0.000278481904762,0.000271797301587,0.024240272222222,1.3333333000000001e-08,0.000294010952381
8050220,30_V3_027,14.213750037433796,50.12449123612851,1,438,563.15,0,0.0,1,0,1,-199025.77410311613,435177.10221742064,30_V3_027,1,0,0.06379018984127,0.002667855714286,0.003177733809524,0.000278481904762,0.000278481904762,0.000271797301587,0.024240272222222,1.3333333000000001e-08,0.000294010952381
8050220,30_V3_028,14.212628516318134,50.125034706305726,1,451,563.15,0,0.0,1,0,1,-199103.72525341308,435240.443236385,30_V3_028,1,0,0.06379018984127,0.002667855714286,0.003177733809524,0.000278481904762,0.000278481904762,0.000271797301587,0.024240272222222,1.3333333000000001e-08,0.000294010952381
8050220,30_V3_029,14.211508915004007,50.1255692608395,1,464,563.15,0,0.0,1,0,1,-199181.57249566432,435302.7876072424,30_V3_029,1,0,0.06379018984127,0.002667855714286,0.003177733809524,0.000278481904762,0.000278481904762,0.000271797301587,0.024240272222222,1.3333333000000001e-08,0.000294010952381
8050220,30_V3_030,14.210387343391526,50.12611270931535,1,477,563.15,0,0.0,1,0,1,-199259.52384657125,435366.12855895865,30_V3_030,1,0,0.06379018984127,0.002667855714286,0.003177733809524,0.000278481904762,0.000278481904762,0.000271797301587,0.024240272222222,1.3333333000000001e-08,0.000294010952381
8050220,30_V3_031,14.209265746415046,50.1266561469301,1,490,563.15,0,0.0,1,0,1,-199337.4752982395,435429.4694772833,30_V3_031,1,0,0.06379018984127,0.002667855714286,0.003177733809524,0.000278481904762,0.000278481904762,0.000271797301587,0.024240272222222,1.3333333000000001e-08,0.000294010952381
8050220,30_V3_032,14.208157975897741,50.12720082458527,1,504,563.15,0,0.0,1,0,1,-199414.43295218184,435492.91485343134,30_V3_032,1,0,0.06379018984127,0.002667855714286,0.003177733809524,0.000278481904762,0.000278481904762,0.000271797301587,0.024240272222222,1.3333333000000001e-08,0.000294010952381
8050220,30_V3_033,14.207038274399144,50.12773533590501,1,517,563.15,0,0.0,1,0,1,-199492.28059260102,435555.25908931287,30_V3_033,1,0,0.06379018984127,0.002667855714286,0.003177733809524,0.000278481904762,0.000278481904762,0.000271797301587,0.024240272222222,1.3333333000000001e-08,0.000294010952381
8050220,30_V3_034,14.205916601684807,50.12827874108685,1,530,563.15,0,0.0,1,0,1,-199570.2323452099,435618.5999079157,30_V3_034,1,0,0.06379018984127,0.002667855714286,0.003177733809524,0.000278481904762,0.000278481904762,0.000271797301587,0.024240272222222,1.3333333000000001e-08,0.000294010952381
8050220,30_V3_035,14.204794903604407,50.12882213540586,1,543,563.15,0,0.0,1,0,1,-199648.18419863028,435681.9406931197,30_V3_035,1,0,0.06379018984127,0.002667855714286,0.003177733809524,0.000278481904762,0.000278481904762,0.000271797301587,0.024240272222222,1.3333333000000001e-08,0.000294010952381
8050220,30_V3_036,14.203675126925562,50.129356614215624,1,556,563.15,0,0.0,1,0,1,-199726.03213799343,435744.2848269082,30_V3_036,1,0,0.06379018984127,0.002667855714286,0.003177733809524,0.000278481904762,0.000278481904762,0.000271797301587,0.024240272222222,1.3333333000000001e-08,0.000294010952381
8050220,30_V3_037,14.20255337834113,50.129899986827404,1,569,563.15,0,0.0,1,0,1,-199803.98419220388,435807.62554482586,30_V3_037,1,0,0.06379018984127,0.002667855714286,0.003177733809524,0.000278481904762,0.000278481904762,0.000271797301587,0.024240272222222,1.3333333000000001e-08,0.000294010952381
8050220,30_V3_038,14.20144545697401,50.130444600275204,1,582,563.15,0,0.0,1,0,1,-199880.94244550716,435871.07072619424,30_V3_038,1,0,0.06379018984127,0.002667855714286,0.003177733809524,0.000278481904762,0.000278481904762,0.000271797301587,0.024240272222222,1.3333333000000001e-08,0.000294010952381
8050220,30_V3_039,14.200325605235415,50.130979046704475,1,595,563.15,0,0.0,1,0,1,-199958.79068339308,435933.4147588182,30_V3_039,1,0,0.06379018984127,0.002667855714286,0.003177733809524,0.000278481904762,0.000278481904762,0.000271797301587,0.024240272222222,1.3333333000000001e-08,0.000294010952381
8050220,30_V3_040,14.199203780903852,50.13152238687577,1,608,563.15,0,0.0,1,0,1,-200036.7430387736,435996.7553769645,30_V3_040,1,0,0.06379018984127,0.002667855714286,0.003177733809524,0.000278481904762,0.000278481904762,0.000271797301587,0.024240272222222,1.3333333000000001e-08,0.000294010952381
8050220,30_V3_041,14.198081931203092,50.132065716181756,1,621,563.15,0,0.0,1,0,1,-200114.695495044,436060.09596169647,30_V3_041,1,0,0.06379018984127,0.002667855714286,0.003177733809524,0.000278481904762,0.000278481904762,0.000271797301587,0.024240272222222,1.3333333000000001e-08,0.000294010952381
8050220,30_V3_042,14.196960056132614,50.13260903462202,1,634,563.15,0,0.0,1,0,1,-200192.6480522176,436123.43651300773,30_V3_042,1,0,0.06379018984127,0.002667855714286,0.003177733809524,0.000278481904762,0.000278481904762,0.000271797301587,0.024240272222222,1.3333333000000001e-08,0.000294010952381
8050220,30_V3_043,14.195840104064214,50.13314343768727,1,647,563.15,0,0.0,1,0,1,-200270.4966893156,436185.78040959657,30_V3_043,1,0,0.06379018984127,0.002667855714286,0.003177733809524,0.000278481904762,0.000278481904762,0.000271797301587,0.024240272222222,1.3333333000000001e-08,0.000294010952381
8050220,30_V3_044,14.194732031828597,50.13368798691259,1,660,563.15,0,0.0,1,0,1,-200347.45554243878,436249.22539608495,30_V3_044,1,0,0.06379018984127,0.002667855714286,0.003177733809524,0.000278481904762,0.000278481904762,0.000271797301587,0.024240272222222,1.3333333000000001e-08,0.000294010952381
8050220,30_V3_045,14.193610081003216,50.134231272906035,1,673,563.15,0,0.0,1,0,1,-200425.40840097427,436312.5658475845,30_V3_045,1,0,0.06379018984127,0.002667855714286,0.003177733809524,0.000278481904762,0.000278481904762,0.000271797301587,0.024240272222222,1.3333333000000001e-08,0.000294010952381
8050220,30_V3_046,14.192490053864436,50.13476564358197,1,686,563.15,0,0.0,1,0,1,-200503.25733686195,436374.9096429459,30_V3_046,1,0,0.06379018984127,0.002667855714286,0.003177733809524,0.000278481904762,0.000278481904762,0.000271797301587,0.024240272222222,1.3333333000000001e-08,0.000294010952381
8050220,30_V3_047,14.191368052524734,50.13530890785977,1,699,563.15,0,0.0,1,0,1,-200581.21039644413,436438.2500271083,30_V3_047,1,0,0.06379018984127,0.002667855714286,0.003177733809524,0.000278481904762,0.000278481904762,0.000271797301587,0.024240272222222,1.3333333000000001e-08,0.000294010952381
8050220,30_V3_048,14.190246025812217,50.135852161269256,1,713,563.15,0,0.0,1,0,1,-200659.1635570061,436501.5903778322,30_V3_048,1,0,0.06379018984127,0.002667855714286,0.003177733809524,0.000278481904762,0.000278481904762,0.000271797301587,0.024240272222222,1.3333333000000001e-08,0.000294010952381
8050220,30_V3_049,14.189123973726346,50.13639540381003,1,726,563.15,0,0.0,1,0,1,-200737.11681856052,436564.9306951157,30_V3_049,1,0,0.06379018984127,0.002667855714286,0.003177733809524,0.000278481904762,0.000278481904762,0.000271797301587,0.024240272222222,1.3333333000000001e-08,0.000294010952381
8050220,30_V3_050,14.188017700350676,50.136930984406824,1,739,563.15,0,0.0,1,0,1,-200813.97224573488,436627.37886251713,30_V3_050,1,0,0.06379018984127,0.002667855714286,0.003177733809524,0.000278481904762,0.000278481904762,0.000271797301587,0.024240272222222,1.3333333000000001e-08,0.000294010952381
8050220,30_V3_051,14.186895597873947,50.137474205361976,1,752,563.15,0,0.0,1,0,1,-200891.9257078898,436690.7191133848,30_V3_051,1,0,0.06379018984127,0.002667855714286,0.003177733809524,0.000278481904762,0.000278481904762,0.000271797301587,0.024240272222222,1.3333333000000001e-08,0.000294010952381
8050220,30_V3_052,14.185773470022305,50.13801741544714,1,765,563.15,0,0.0,1,0,1,-200969.8792710771,436754.0593308029,30_V3_052,1,0,0.06379018984127,0.002667855714286,0.003177733809524,0.000278481904762,0.000278481904762,0.000271797301587,0.024240272222222,1.3333333000000001e-08,0.000294010952381
8050220,30_V3_053,14.184653267458506,50.138551710349255,1,778,563.15,0,0.0,1,0,1,-201047.7289055909,436816.40288876597,30_V3_053,1,0,0.06379018984127,0.002667855714286,0.003177733809524,0.000278481904762,0.000278481904762,0.000271797301587,0.024240272222222,1.3333333000000001e-08,0.000294010952381
8050220,30_V3_054,14.183531089085347,50.13909489871286,1,791,563.15,0,0.0,1,0,1,-201125.68267000414,436879.7430388072,30_V3_054,1,0,0.06379018984127,0.002667855714286,0.003177733809524,0.000278481904762,0.000278481904762,0.000271797301587,0.024240272222222,1.3333333000000001e-08,0.000294010952381
8050220,30_V3_055,14.182408885335754,50.13963807620522,1,804,563.15,0,0.0,1,0,1,-201203.6365354856,436943.08315539296,30_V3_055,1,0,0.06379018984127,0.002667855714286,0.003177733809524,0.000278481904762,0.000278481904762,0.000271797301587,0.024240272222222,1.3333333000000001e-08,0.000294010952381
8050220,30_V3_056,14.1813024624294,50.140173592667274,1,817,563.15,0,0.0,1,0,1,-201280.4925581579,437005.53112490155,30_V3_056,1,0,0.06379018984127,0.002667855714286,0.003177733809524,0.000278481904762,0.000278481904762,0.000271797301587,0.024240272222222,1.3333333000000001e-08,0.000294010952381
8050220,30_V3_057,14.180180208282748,50.14071674856896,1,830,563.15,0,0.0,1,0,1,-201358.44662439488,437068.8711750357,30_V3_057,1,0,0.06379018984127,0.002667855714286,0.003177733809524,0.000278481904762,0.000278481904762,0.000271797301587,0.024240272222222,1.3333333000000001e-08,0.000294010952381
8050220,30_V3_058,14.17905792875807,50.14125989359811,1,843,563.15,0,0.0,1,0,1,-201436.40079174066,437132.21119170455,30_V3_058,1,0,0.06379018984127,0.002667855714286,0.003177733809524,0.000278481904762,0.000278481904762,0.000271797301587,0.024240272222222,1.3333333000000001e-08,0.000294010952381
8050220,30_V3_059,14.177935623854838,50.141803027754314,1,856,563.15,0,0.0,1,0,1,-201514.35506020923,437195.55117490666,30_V3_059,1,0,0.06379018984127,0.002667855714286,0.003177733809524,0.000278481904762,0.000278481904762,0.000271797301587,0.024240272222222,1.3333333000000001e-08,0.000294010952381
8050220,30_V3_060,14.176815245841208,50.142337246862105,1,869,563.15,0,0.0,1,0,1,-201592.20539397275,437257.8944953334,30_V3_060,1,0,0.06379018984127,0.002667855714286,0.003177733809524,0.000278481904762,0.000278481904762,0.000271797301587,0.024240272222222,1.3333333000000001e-08,0.000294010952381
8050220,30_V3_061,14.175692890409284,50.14288035929085,1,882,563.15,0,0.0,1,0,1,-201670.15986384585,437321.23441112065,30_V3_061,1,0,0.06379018984127,0.002667855714286,0.003177733809524,0.000278481904762,0.000278481904762,0.000271797301587,0.024240272222222,1.3333333000000001e-08,0.000294010952381
8050220,30_V3_062,14.174584365228641,50.143424715739144,1,895,563.15,0,0.0,1,0,1,-201747.12052005046,437384.67881288665,30_V3_062,1,0,0.06379018984127,0.002667855714286,0.003177733809524,0.000278481904762,0.000278481904762,0.000271797301587,0.024240272222222,1.3333333000000001e-08,0.000294010952381
8050220,30_V3_063,14.173463912118779,50.143958902436225,1,908,563.15,0,0.0,1,0,1,-201824.97115325328,437447.02203193953,30_V3_063,1,0,0.06379018984127,0.002667855714286,0.003177733809524,0.000278481904762,0.000278481904762,0.000271797301587,0.024240272222222,1.3333333000000001e-08,0.000294010952381
