SNAP_internal,ISTACK,LATITUDE,LONGITUDE,STKDM,STKHT,STKTK,STKVE,STKFLW,STKCNT,ROW,COL,XLOCA,YLOCA,IFIP,LMAJOR,LPING,NOX,NO2,CO,SO2,NH3,VOC,CH4,BZN,BAP,PM,PM10,PM2_5,PM2_5_EC,PM2_5_OC,PM2_5_SO4,PM2_5_NA,PM2_5_FPRM,PM_CPRM,PM2_5_AS,PM2_5_CD,PM2_5_NI,PM2_5_PB
7000000,24,14.390655624200177,50.078962814471495,1,48,288.15,1,0.7853981633974483,1,0,1,-186560.73243133852,429676.5614594849,24,1,0,21.151272915,4.040479863,24.720845031,0.18038150100000003,1.114852578039,5.775484337999999,0.730151991,0.234321723,0.000329282618589,13.287681792,6.398943111,2.5937123445,0.7342354165143001,0.7164211651639999,0.022803051989700004,0.018394435379474997,1.1018582754525301,3.8052307665,0.00014013237577100002,4.0955493212e-05,0.00037198530980900004,0.0030733699802399997
7000000,15,14.4253958390632,50.09727773835915,1,15,288.15,1,0.7853981633974483,1,0,1,-184011.55385166762,431635.2357368221,15,1,0,2.185665894,0.416906235,5.1968903939999995,0.027600767999999998,0.065534786873,0.8468780579999999,0.050689520999999994,0.031265487,3.309781488e-05,2.950191531,0.8955374445000001,0.31710903525,0.07233308697110001,0.062502895192,0.0021046842864,0.0017315102020500001,0.17843685859845002,0.5784284092499999,3.1364927401999996e-05,4.916735559e-06,6.6320010174e-05,0.000332818205456
7000000,21,14.401928949622242,50.06400293128945,1,20,288.15,1,0.7853981633974483,1,0,1,-185809.59963343962,427983.9891619568,21,1,0,11.957315769000001,2.27100042,14.418986679000001,0.110773089,0.6489267971930001,2.883615795,0.368636841,0.11444127300000001,0.000172887486154,7.97217635475,3.75271530975,1.5208865415000001,0.42998125559609995,0.41576910766999997,0.0133195706559,0.010700268020595,0.651116339557405,2.2318287682499998,8.4178675671e-05,2.3736192631e-05,0.000221098698895,0.0018035115547920001
7000000,4,14.360804223453787,50.000444590738994,1,20,288.15,1,0.7853981633974483,1,0,1,-188985.278344884,421002.90175504703,4,1,0,50.380331508000005,5.279892453,51.876199799999995,0.16662965400000002,0.574257498949,9.954430011,0.900229572,0.30398658300000003,0.00052933126225,44.680742349750005,13.23518107725,5.7786847155,2.0927117455329998,1.2226267655210001,0.03879822339,0.037528247877300004,2.3870197331787004,7.456496361749999,0.00043714102009199994,6.4072518519e-05,0.000848655793266,0.002587279066608
7000000,5,14.420763861685607,49.98226965968553,1,20,288.15,1,0.7853981633974483,1,0,1,-184759.10461651164,418837.6687351715,5,1,0,53.750816451000006,5.581857897000001,57.865664151000004,0.17612360100000002,0.626056706116,11.018609090999998,0.96521616,0.33076677600000004,0.000558101969571,52.186794183,15.0246732825,6.4753891470000005,2.3065392872242,1.329941647904,0.0425517108048,0.040984532481059995,2.75537196858594,8.549284135499999,0.000514273779575,7.2814658184e-05,0.000994906285653,0.003013757945552
7000000,1,14.386357400232654,50.09274412890615,1,20,288.15,1,0.7853981633974483,1,0,1,-186817.34142746567,431221.5517296,1,1,0,9.9724590168,1.8010435141999999,8.5966687604,0.0749729386,0.48859872399800003,1.9860006628,0.302803935,0.0837676224,0.000133499182457,7.396867436,2.7623600920999998,1.0829615405,0.29454093946108,0.2703755377616,0.00795675032292,0.006902287227458,0.503186025726942,1.6793985516,7.5246233904e-05,1.7236798665e-05,0.00017029509259900002,0.0009266262540820001
7000000,2,14.416801797734255,50.102215517625034,1,20,288.15,1,0.7853981633974483,1,0,1,-184607.65288934452,432205.1588920686,2,1,0,32.054332554,5.7890684385,27.632149586999997,0.2409844455,1.5704958985659998,6.383573558999999,0.9732983625,0.269253072,0.00042910451382599995,23.77564533,8.879014581749999,3.48094780875,0.9467387339829001,0.8690642285200001,0.025575268895099996,0.022185923231115002,1.61738365412089,5.398066772999999,0.000241862892048,5.5403998208e-05,0.000547377085855,0.002978441532048
7000000,3,14.428282349598987,50.11442450394136,1,20,288.15,1,0.7853981633974483,1,0,1,-183743.38477300922,433538.3181630367,3,1,0,16.3833255276,2.9588572019,14.1230986778,0.1231698277,0.8026979037109999,3.2627153746,0.4974636075,0.1376182368,0.000219320084822,12.151996502000001,4.538163008450001,1.77915110225,0.48388868625806,0.4441883834662,0.01307180410194,0.011339471873681003,0.8266627565501191,2.7590119062,0.000123618811913,2.8317599306e-05,0.00027977051176999995,0.0015223145604910003
7000000,26,14.382130845608275,50.08738819817468,1,0,288.15,1,0.7853981633974483,1,0,1,-187139.0298402448,430635.00311110745,26,1,0,1.72987669,0.328072603,1.8467973869999998,0.01400974,0.06167962485,0.36278286,0.048040902999999996,0.014716748,2.7150734461999996e-05,0.7737747257500001,0.4149180995,0.172259405,0.052199532000699995,0.049877008481,0.0015373675138,0.0013029354333,0.0673425615712,0.2426586945,7.808191787e-06,2.646350581e-06,2.1106096118e-05,0.00017223930827200002
7000000,25,14.399215170084554,50.073743977144105,1,0,288.15,1,0.7853981633974483,1,0,1,-185968.03254273246,429075.2269387194,25,1,0,0.620264745,0.120869604,0.899963172,0.006032649,0.062192883822,0.278937622,0.033087096,0.011318999,9.436222492e-06,0.70263436225,0.2960755795,0.11593085550000001,0.029382180945999998,0.029725343204000002,0.0009963049295,0.000740890719975,0.055086135700525,0.18014472399999998,7.762071187000001e-06,1.9042598869999998e-06,2.0225604860999998e-05,0.000169246246088
7000000,30,14.409112827535514,50.05096090836486,1,0,288.15,1,0.7853981633974483,1,0,1,-185343.46242339362,426514.6855047219,30,1,0,1.15819178,0.22167885,1.61567284,0.01047059,0.065083218205,0.35519847,0.04391166,0.01435425,1.9586283621e-05,0.7936510675,0.38689762,0.1594632475,0.046068869227,0.044479539792,0.001410550865,0.00114727380825,0.06635701380775,0.2274343725,8.293822087e-06,2.3150482009999997e-06,2.1897469191e-05,0.00018149792767999998
7000000,29,14.410485762686214,50.04956305677012,1,0,288.15,1,0.7853981633974483,1,0,1,-185250.3659930341,426355.7999901122,29,1,0,1.53724031,0.29556325,2.06371649,0.01378313,0.077179992152,0.42903339,0.05428798,0.01745924,2.61576431e-05,0.9335352225,0.47565867,0.1961183775,0.057611158491,0.055701641091,0.001744661269,0.00144078603235,0.07962013061664999,0.2795402925,9.634760924e-06,2.834637209e-06,2.5660551417e-05,0.00021314192332
7000000,17,14.42363333617283,50.09891739588495,1,0,288.15,1,0.7853981633974483,1,0,1,-184131.5453975715,431821.9455985024,17,1,0,0.11711338199999999,0.022777224,0.278886377,0.001507455,0.0034489167090000004,0.044160650999999995,0.0026796429999999998,0.001652674,1.8550055499999998e-06,0.159211485,0.048118821,0.01679895525,0.0037355951165,0.003290590259,0.0001097437145,9.043993578499999e-05,0.009572586224215,0.03131986575,1.6931109140000001e-06,2.6385104999999997e-07,3.564825117e-06,1.757019052e-05
7000000,16,14.427808874305944,50.096192462577726,1,0,288.15,1,0.7853981633974483,1,0,1,-183843.0712944661,431508.7661201464,16,1,0,0.125738384,0.023545691,0.298545889,0.001559297,0.003832726277,0.049936910999999994,0.0029525259999999996,0.001821269,1.822528881e-06,0.168587574,0.0513853395,0.018435382,0.004301414547399999,0.003654175872,0.0001241100951,0.000101950086665,0.010253731398835,0.0329499575,1.7918805749999999e-06,2.82452678e-07,3.804067347e-06,1.9409610864000002e-05
7000000,27,14.438590054917086,50.09470056064271,1,0,288.15,1,0.7853981633974483,1,0,1,-183078.14015837148,431317.66795476,27,1,0,1.13934081,0.21545742,1.27512253,0.00917571,0.041126280635,0.30371408,0.02378949,0.01122744,1.3894274044000001e-05,1.0555154725,0.32754405,0.119987175,0.026360883015999998,0.02421472587,0.0008844064659999999,0.0006370129957999999,0.0678901466522,0.207556875,1.1748677657000001e-05,2.516895309e-06,2.7566244191e-05,0.00018398633791999998
7000000,28,14.433543561133144,50.09428264414512,1,0,288.15,1,0.7853981633974483,1,0,1,-183440.22173073894,431282.78040488344,28,1,0,1.29585872,0.25395058,1.66534299,0.01172413,0.080105167162,0.48923562,0.03753225,0.01862675,1.3404831252999997e-05,1.3212636325,0.444951935,0.1670629275,0.036212725319,0.035668530283,0.001379521815,0.00090209256685,0.09290005751614999,0.2778890075,1.535490476e-05,3.680333022e-06,3.928684439e-05,0.00032213556816000004
7000000,23,14.399167106309127,50.07184310055202,1,0,288.15,1,0.7853981633974483,1,0,1,-185978.41184421995,428863.63459998794,23,1,0,0.801865994,0.151197554,0.924471851,0.007183394,0.03631703088,0.170814523,0.022249689,0.006780431999999999,1.2198748156e-05,0.461349516,0.2249966075,0.091909079,0.026709124692500003,0.025564324971,0.000807502861,0.0006633816234799999,0.03816474485202,0.1330875285,4.792440461e-06,1.4186309919999998e-06,1.261309383e-05,0.000101629757816
7000000,22,14.407147961485446,50.06255440296158,1,0,288.15,1,0.7853981633974483,1,0,1,-185441.75297154766,427810.4517418383,22,1,0,0.526724647,0.101135826,0.67763778,0.005124727,0.035785946586000004,0.149587232,0.01870996,0.005935265,7.010972082999999e-06,0.42444785674999996,0.19197176024999998,0.07707831450000001,0.0210665703724,0.020632242547,0.0006724494341000001,0.000525537045475,0.034181515101025,0.11489344574999999,4.560746058e-06,1.218722522e-06,1.1953429824999998e-05,9.876041527200001e-05
7000000,20,14.405021142118963,50.06548370289812,1,0,288.15,1,0.7853981633974483,1,0,1,-185583.1333359676,428141.66603381577,20,1,0,0.8354226999999999,0.14504574,0.8810325999999999,0.00682691,0.038995175424,0.18706019,0.02273652,0.00702685,1.0565964940999999e-05,0.6625648425,0.2620725425,0.1010387725,0.026875791875999998,0.024885068432,0.000814164728,0.000654927948,0.047808819516,0.16103377,7.037189556e-06,1.6335392730000002e-06,1.6964155433e-05,0.00011804049263999999
7000000,13,14.375546321968756,49.995877363172724,1,0,288.15,1,0.7853981633974483,1,0,1,-187946.8587108352,420459.26539655885,13,1,0,2.7989073060000003,0.2933273585,2.8820111,0.009257203,0.031903194387,0.5530238895,0.050012754000000006,0.0168881435,2.9407292346999997e-05,2.482263463875,0.735287837625,0.32103803975,0.11626176364,0.067923709194,0.002155456855,0.0020849026598499997,0.13261220740115,0.414249797875,2.4285613005e-05,3.5595841400000003e-06,4.7147544793000007e-05,0.00014373772525600001
7000000,14,14.356527402281122,49.999846201866134,1,0,288.15,1,0.7853981633974483,1,0,1,-189293.63751595552,420946.46234181116,14,1,0,2.7989073060000003,0.2933273585,2.8820111,0.009257203,0.031903194387,0.5530238895,0.050012754000000006,0.0168881435,2.9407292346999997e-05,2.482263463875,0.735287837625,0.32103803975,0.11626176364,0.067923709194,0.002155456855,0.0020849026598499997,0.13261220740115,0.414249797875,2.4285613005e-05,3.5595841400000003e-06,4.7147544793000007e-05,0.00014373772525600001
7000000,18,14.406897709911297,49.982807846837254,1,0,288.15,1,0.7853981633974483,1,0,1,-185750.0695368289,418929.9849815142,18,1,0,2.9861564695,0.3101032165,3.2147591195,0.0097846445,0.034780928118,0.6121449495,0.05362312,0.018375932,3.1005665365e-05,2.8992663435000003,0.83470407125,0.3597438415,0.12814107151339998,0.073885647105,0.0023639839336,0.00227691847117,0.15307622047682998,0.47496022975,2.8570765921000003e-05,4.045259344e-06,5.5272572314e-05,0.00016743099636399997
7000000,19,14.433531406803233,49.982810690072526,1,0,288.15,1,0.7853981633974483,1,0,1,-183842.893595449,418868.25469998416,19,1,0,2.9861564695,0.3101032165,3.2147591195,0.0097846445,0.034780928118,0.6121449495,0.05362312,0.018375932,3.1005665365e-05,2.8992663435000003,0.83470407125,0.3597438415,0.12814107151339998,0.073885647105,0.0023639839336,0.00227691847117,0.15307622047682998,0.47496022975,2.8570765921000003e-05,4.045259344e-06,5.5272572314e-05,0.00016743099636399997
7000000,6,14.383133518293164,50.08976210533698,1,0,288.15,1,0.7853981633974483,1,0,1,-187058.65423853442,430897.0289258287,6,1,0,4.9862295084,0.9005217570999999,4.2983343802,0.0374864693,0.244299362,0.9930003314,0.1514019675,0.0418838112,6.6749590729e-05,3.698433718,1.3811800460499999,0.54148077025,0.14727046973054,0.1351877688818,0.00397837516146,0.003451143613729,0.251593012862471,0.8396992758,3.7623116452e-05,8.618399832e-06,8.51475468e-05,0.00046331312654100004
7000000,9,14.403968217166383,50.09781998406939,1,0,288.15,1,0.7853981633974483,1,0,1,-185540.5024996106,431745.5422053802,9,1,0,0.35615925060000003,0.06432298265,0.3070238843,0.0026776049499999998,0.017449954429,0.07092859509999999,0.01081442625,0.0029917008,4.767828409e-06,0.26417383699999997,0.09865571757500001,0.038677197875,0.01051931926611,0.0096562692067,0.00028416965439,0.000246510258124,0.017970929489676,0.059978519699999996,2.687365889e-06,6.155997020000001e-07,6.081969343e-06,3.3093794466999996e-05
7000000,10,14.413653525194864,50.09957675094305,1,0,288.15,1,0.7853981633974483,1,0,1,-184842.1496274111,431918.5928522953,10,1,0,0.7123185012000001,0.1286459653,0.6140477686,0.0053552098999999995,0.034899908857,0.14185719019999998,0.0216288525,0.0059834016,9.535655818e-06,0.5283476739999999,0.19731143515000002,0.07735439575,0.02103863853222,0.019312538412400004,0.00056833930878,0.000493020516247,0.03594185898035299,0.11995703939999999,5.374729779e-06,1.231200405e-06,1.2163933685999998e-05,6.618758893399999e-05
7000000,11,14.41314823860773,50.098179527304936,1,0,288.15,1,0.7853981633974483,1,0,1,-184883.32555269,431764.1525333216,11,1,0,0.35615925060000003,0.06432298265,0.3070238843,0.0026776049499999998,0.017449954429,0.07092859509999999,0.01081442625,0.0029917008,4.767828409e-06,0.26417383699999997,0.09865571757500001,0.038677197875,0.01051931926611,0.0096562692067,0.00028416965439,0.000246510258124,0.017970929489676,0.059978519699999996,2.687365889e-06,6.155997020000001e-07,6.081969343e-06,3.3093794466999996e-05
7000000,8,14.40245582442744,50.097304664252576,1,0,288.15,1,0.7853981633974483,1,0,1,-185650.43591133933,431691.68658471596,8,1,0,1.4246370024000001,0.2572919306,1.2280955372,0.010710419799999999,0.069799817715,0.28371438039999997,0.043257705,0.0119668032,1.9071311637e-05,1.0566953479999999,0.39462287030000004,0.1547087915,0.042077277065440004,0.0386250768228,0.00113667861756,0.000986041032494,0.07188371796170599,0.23991407879999999,1.0749463558e-05,2.462398809e-06,2.4327870371e-05,0.000132375179869
7000000,7,14.436719833445325,50.11466922883702,1,0,288.15,1,0.7853981633974483,1,0,1,-183139.87480196802,433546.06331845076,7,1,0,4.273911007200001,0.7718757918000001,3.6842866116,0.0321312594,0.20939945314300001,0.8511431412,0.129773115,0.0359004096,5.721393491e-05,3.1700860439999996,1.1838686109,0.46412637450000005,0.12623183119832002,0.1158752304684,0.0034100358526799996,0.0029581230974820008,0.215651153883118,0.7197422364,3.2248386673e-05,7.387199427999999e-06,7.2983611114e-05,0.000397125538606
7000000,12,14.397698706820432,50.095666441470726,1,0,288.15,1,0.7853981633974483,1,0,1,-185996.30032714808,431520.3725534222,12,1,0,0.7123185012000001,0.1286459653,0.6140477686,0.0053552098999999995,0.034899908857,0.14185719019999998,0.0216288525,0.0059834016,9.535655818e-06,0.5283476739999999,0.19731143515000002,0.07735439575,0.02103863853222,0.019312538412400004,0.00056833930878,0.000493020516247,0.03594185898035299,0.11995703939999999,5.374729779e-06,1.231200405e-06,1.2163933685999998e-05,6.618758893399999e-05
